    0.004671    0.000000
    0.009342    0.000000
    0.014013    0.000000
    0.018684    0.000000
    0.023355    0.000000
    0.028026    0.000000
    0.032697    0.000000
    0.037368    0.000000
    0.042039    0.000000
    0.046710    0.000000
    0.051381    0.000000
    0.056052    0.000000
    0.060723    0.000000
    0.065394    0.000000
    0.070065    0.000000
    0.074736    0.000000
    0.079407    0.000000
    0.084078    0.000000
    0.088749    0.000000
    0.093420    0.000000
    0.098091    0.000000
    0.102762    0.000000
    0.107433    0.000000
    0.112104    0.000000
    0.116775    0.000000
    0.121446    0.000000
    0.126117    0.000000
    0.130788    0.000000
    0.135459    0.000000
    0.140130    0.000000
    0.144801    0.000000
    0.149472    0.000000
    0.154143    0.000000
    0.158814    0.000000
    0.163485    0.000000
    0.168156    0.000000
    0.172827    0.000000
    0.177498    0.000000
    0.182169    0.000000
    0.186840    0.000000
    0.191511    0.000000
    0.196182    0.000000
    0.200853    0.000000
    0.205524    0.000000
    0.210195    0.000000
    0.214866    0.000000
    0.219537    0.000000
    0.224208    0.000000
    0.228879    0.000000
    0.233550    0.000000
    0.238221    0.000000
    0.242892    0.000000
    0.247563    0.000000
    0.252234    0.000000
    0.256905    0.000000
    0.261576    0.000000
    0.266247    0.000000
    0.270918    0.000000
    0.275589    0.000000
    0.280260    0.000000
    0.284931    0.000000
    0.289602    0.000000
    0.294273    0.000000
    0.298944    0.000000
    0.303615    0.000000
    0.308286    0.000000
    0.312957    0.000000
    0.317628    0.000000
    0.322299    0.000000
    0.326970    0.000000
    0.331641    0.000000
    0.336312    0.000000
    0.340983    0.000000
    0.345654    0.000000
    0.350325    0.000000
    0.354996    0.000000
    0.359667    0.000000
    0.364338    0.000000
    0.369009    0.000000
    0.373680    0.000000
    0.378351    0.000000
    0.383022    0.000000
    0.387693    0.000000
    0.392364    0.000000
    0.397035    0.000000
    0.401706    0.000000
    0.406377    0.000000
    0.411048    0.000000
    0.415719    0.000000
    0.420390    0.000000
    0.425061    0.000000
    0.429732    0.000000
    0.434403    0.000000
    0.439074    0.000000
    0.443745    0.000000
    0.448416    0.000000
    0.453087    0.000000
    0.457758    0.000000
    0.462429    0.000000
    0.467100    0.000000
    0.471771    0.000000
    0.476442    0.000000
    0.481113    0.000000
    0.485784    0.000000
    0.490455    0.000000
    0.495126    0.000000
    0.499797    0.000000
    0.504468    0.000000
    0.509139    0.000000
    0.513810    0.000000
    0.518481    0.000000
    0.523152    0.000000
    0.527823    0.000000
    0.532494    0.000000
    0.537165    0.000000
    0.541836    0.000000
    0.546507    0.000000
    0.551178    0.000000
    0.555849    0.000000
    0.560520    0.000000
    0.565191    0.000000
    0.569862    0.000000
    0.574533    0.000000
    0.579204    0.000000
    0.583875    0.000000
    0.588546    0.000000
    0.593217    0.000000
    0.597888    0.000000
    0.602559    0.000000
    0.607230    0.000000
    0.611901    0.000000
    0.616572    0.000000
    0.621243    0.000000
    0.625914    0.000000
    0.630585    0.000000
    0.635256    0.000000
    0.639927    0.000000
    0.644598    0.000000
    0.649269    0.000000
    0.653940    0.000000
    0.658611    0.000000
    0.663282    0.000000
    0.667953    0.000000
    0.672624    0.000000
    0.677295    0.000000
    0.681966    0.000000
    0.686637    0.000000
    0.691308    0.000000
    0.695979    0.000000
    0.700650    0.000000
    0.705321    0.000000
    0.709992    0.000000
    0.714663    0.000000
    0.719334    0.000000
    0.724005    0.000000
    0.728676    0.000000
    0.733347    0.000000
    0.738018    0.000000
    0.742689    0.000000
    0.747360    0.000000
    0.752031    0.000000
    0.756702    0.000000
    0.761373    0.000000
    0.766044    0.000000
    0.770715    0.000000
    0.775386    0.000000
    0.780057    0.000000
    0.784728    0.000000
    0.789399    0.000000
    0.794070    0.000000
    0.798741    0.000000
    0.803412    0.000038
    0.808083    0.000047
    0.812754    0.000110
    0.817425    0.000451
    0.822096    0.000929
    0.826767    0.001971
    0.831438    0.003945
    0.836109    0.007903
    0.840780    0.014502
    0.845451    0.023706
    0.850122    0.035379
    0.854793    0.057515
    0.859464    0.085698
    0.864135    0.115943
    0.868806    0.159877
    0.873477    0.213060
    0.878148    0.269639
    0.882819    0.352978
    0.887490    0.451782
    0.892161    0.545807
    0.896832    0.664742
    0.901503    0.784780
    0.906174    0.903777
    0.910845    1.026022
    0.915516    1.158021
    0.920187    1.311640
    0.924858    1.438653
    0.929529    1.553580
    0.934200    1.689890
    0.938871    1.826059
    0.943542    1.942276
    0.948213    2.039103
    0.952884    2.145911
    0.957555    2.243635
    0.962226    2.319318
    0.966897    2.383067
    0.971568    2.453329
    0.976239    2.490946
    0.980910    2.534038
    0.985581    2.584119
    0.990252    2.610515
    0.994923    2.628251
    0.999594    2.645287
    1.004265    2.651220
    1.008936    2.649722
    1.013607    2.622530
    1.018278    2.602114
    1.022949    2.575753
    1.027620    2.547766
    1.032291    2.525532
    1.036962    2.486444
    1.041633    2.458367
    1.046304    2.416027
    1.050975    2.378199
    1.055646    2.324182
    1.060317    2.270694
    1.064988    2.234175
    1.069659    2.182157
    1.074330    2.133742
    1.079001    2.083964
    1.083672    2.042156
    1.088343    1.978155
    1.093014    1.952843
    1.097685    1.890039
    1.102356    1.845684
    1.107027    1.803246
    1.111698    1.756417
    1.116369    1.718197
    1.121040    1.683701
    1.125711    1.641798
    1.130382    1.606172
    1.135053    1.555692
    1.139724    1.527380
    1.144395    1.481824
    1.149066    1.445982
    1.153737    1.405263
    1.158408    1.372122
    1.163079    1.328608
    1.167750    1.291521
    1.172421    1.267811
    1.177092    1.231784
    1.181763    1.208902
    1.186434    1.183738
    1.191105    1.157364
    1.195776    1.138692
    1.200447    1.108720
    1.205118    1.091570
    1.209789    1.061397
    1.214460    1.042261
    1.219131    1.027590
    1.223802    0.999856
    1.228473    0.977980
    1.233144    0.956329
    1.237815    0.943124
    1.242486    0.931693
    1.247157    0.907988
    1.251828    0.893099
    1.256499    0.875079
    1.261170    0.857276
    1.265841    0.840139
    1.270512    0.820360
    1.275183    0.814476
    1.279854    0.802723
    1.284525    0.799361
    1.289196    0.797852
    1.293867    0.788505
    1.298538    0.774163
    1.303209    0.766019
    1.307880    0.757891
    1.312551    0.739693
    1.317222    0.731029
    1.321893    0.718899
    1.326564    0.716415
    1.331235    0.709924
    1.335906    0.701952
    1.340577    0.693654
    1.345248    0.689389
    1.349919    0.678633
    1.354590    0.678661
    1.359261    0.669640
    1.363932    0.659569
    1.368603    0.659785
    1.373274    0.660520
    1.377945    0.661979
    1.382616    0.653014
    1.387287    0.651112
    1.391958    0.639963
    1.396629    0.634730
    1.401300    0.629545
    1.405971    0.636259
    1.410642    0.629693
    1.415313    0.625657
    1.419984    0.627114
    1.424655    0.621303
    1.429326    0.623558
    1.433997    0.622193
    1.438668    0.617584
    1.443339    0.620246
    1.448010    0.623135
    1.452681    0.620987
    1.457352    0.619641
    1.462023    0.621735
    1.466694    0.624098
    1.471365    0.632447
    1.476036    0.628934
    1.480707    0.627205
    1.485378    0.637061
    1.490049    0.638708
    1.494720    0.637732
    1.499391    0.642463
    1.504062    0.640147
    1.508733    0.647609
    1.513404    0.649443
    1.518075    0.653644
    1.522746    0.655998
    1.527417    0.665190
    1.532088    0.668421
    1.536759    0.674417
    1.541430    0.683046
    1.546101    0.688688
    1.550772    0.685811
    1.555443    0.689441
    1.560114    0.697249
    1.564785    0.701472
    1.569456    0.714174
    1.574127    0.720189
    1.578798    0.724690
    1.583469    0.729435
    1.588140    0.739999
    1.592811    0.745611
    1.597482    0.752737
    1.602153    0.758631
    1.606824    0.766854
    1.611495    0.771160
    1.616166    0.784173
    1.620837    0.790748
    1.625508    0.803105
    1.630179    0.813165
    1.634850    0.827486
    1.639521    0.832075
    1.644192    0.836790
    1.648863    0.848414
    1.653534    0.857177
    1.658205    0.862154
    1.662876    0.871339
    1.667547    0.885293
    1.672218    0.896573
    1.676889    0.903413
    1.681560    0.910514
    1.686231    0.916067
    1.690902    0.929822
    1.695573    0.933911
    1.700244    0.942769
    1.704915    0.953606
    1.709586    0.968254
    1.714257    0.978126
    1.718928    0.983377
    1.723599    0.993298
    1.728270    1.003879
    1.732941    1.006258
    1.737612    1.018256
    1.742283    1.027624
    1.746954    1.043189
    1.751625    1.054615
    1.756296    1.060887
    1.760967    1.066250
    1.765638    1.079626
    1.770309    1.083671
    1.774980    1.091549
    1.779651    1.104254
    1.784322    1.109340
    1.788993    1.121528
    1.793664    1.124962
    1.798335    1.131087
    1.803006    1.146383
    1.807677    1.154329
    1.812348    1.165207
    1.817019    1.168484
    1.821690    1.175247
    1.826361    1.186130
    1.831032    1.192276
    1.835703    1.194537
    1.840374    1.199295
    1.845045    1.210548
    1.849716    1.215214
    1.854387    1.218124
    1.859058    1.222327
    1.863729    1.229258
    1.868400    1.229133
    1.873071    1.228911
    1.877742    1.236131
    1.882413    1.239210
    1.887084    1.241305
    1.891755    1.247559
    1.896426    1.249677
    1.901097    1.249621
    1.905768    1.249210
    1.910439    1.250867
    1.915110    1.257561
    1.919781    1.256888
    1.924452    1.256367
    1.929123    1.249829
    1.933794    1.250015
    1.938465    1.245752
    1.943136    1.246733
    1.947807    1.246158
    1.952478    1.244282
    1.957149    1.237425
    1.961820    1.231110
    1.966491    1.232019
    1.971162    1.226417
    1.975833    1.227702
    1.980504    1.225180
    1.985175    1.217942
    1.989846    1.213810
    1.994517    1.206825
    1.999188    1.204813
    2.003859    1.196662
    2.008530    1.194937
    2.013201    1.183376
    2.017872    1.185555
    2.022543    1.178347
    2.027214    1.176309
    2.031885    1.170077
    2.036556    1.159961
    2.041227    1.154169
    2.045898    1.147971
    2.050569    1.142289
    2.055240    1.137310
    2.059911    1.130563
    2.064582    1.120946
    2.069253    1.110485
    2.073924    1.102864
    2.078595    1.093163
    2.083266    1.086516
    2.087937    1.077758
    2.092608    1.073635
    2.097279    1.062436
    2.101950    1.053312
    2.106621    1.050710
    2.111292    1.043199
    2.115963    1.036753
    2.120634    1.030463
    2.125305    1.028497
    2.129976    1.018081
    2.134647    1.015341
    2.139318    1.006393
    2.143989    0.997845
    2.148660    0.992046
    2.153331    0.988058
    2.158002    0.980697
    2.162673    0.973251
    2.167344    0.968851
    2.172015    0.962207
    2.176686    0.959456
    2.181357    0.954121
    2.186028    0.945371
    2.190699    0.942197
    2.195370    0.937234
    2.200041    0.935212
    2.204712    0.931158
    2.209383    0.920489
    2.214054    0.919092
    2.218725    0.914896
    2.223396    0.912265
    2.228067    0.908033
    2.232738    0.903283
    2.237409    0.898790
    2.242080    0.890627
    2.246751    0.887906
    2.251422    0.885888
    2.256093    0.879008
    2.260764    0.881704
    2.265435    0.876753
    2.270106    0.873343
    2.274777    0.872718
    2.279448    0.872747
    2.284119    0.868974
    2.288790    0.866461
    2.293461    0.861776
    2.298132    0.858733
    2.302803    0.857985
    2.307474    0.858004
    2.312145    0.854210
    2.316816    0.853700
    2.321487    0.853643
    2.326158    0.853913
    2.330829    0.852296
    2.335500    0.853629
    2.340171    0.856727
    2.344842    0.858449
    2.349513    0.857929
    2.354184    0.856533
    2.358855    0.860726
    2.363526    0.862282
    2.368197    0.858265
    2.372868    0.859841
    2.377539    0.860640
    2.382210    0.859840
    2.386881    0.863970
    2.391552    0.865348
    2.396223    0.866845
    2.400894    0.871484
    2.405565    0.874379
    2.410236    0.871329
    2.414907    0.870067
    2.419578    0.876275
    2.424249    0.877490
    2.428920    0.878886
    2.433591    0.882562
    2.438262    0.885625
    2.442933    0.887482
    2.447604    0.890464
    2.452275    0.893386
    2.456946    0.895732
    2.461617    0.901847
    2.466288    0.903704
    2.470959    0.906350
    2.475630    0.907083
    2.480301    0.908353
    2.484972    0.910083
    2.489643    0.915680
    2.494314    0.918966
    2.498985    0.924641
    2.503656    0.930413
    2.508327    0.931548
    2.512998    0.936754
    2.517669    0.942589
    2.522340    0.943741
    2.527011    0.947920
    2.531682    0.951839
    2.536353    0.955278
    2.541024    0.958716
    2.545695    0.961817
    2.550366    0.964650
    2.555037    0.973094
    2.559708    0.977701
    2.564379    0.983004
    2.569050    0.988437
    2.573721    0.993289
    2.578392    0.993394
    2.583063    0.997411
    2.587734    1.004354
    2.592405    1.007830
    2.597076    1.008526
    2.601747    1.010949
    2.606418    1.014878
    2.611089    1.018402
    2.615760    1.021987
    2.620431    1.024361
    2.625102    1.028799
    2.629773    1.028968
    2.634444    1.031173
    2.639115    1.036729
    2.643786    1.039990
    2.648457    1.042591
    2.653128    1.046503
    2.657799    1.052524
    2.662470    1.051209
    2.667141    1.053385
    2.671812    1.056826
    2.676483    1.061926
    2.681154    1.056868
    2.685825    1.061703
    2.690496    1.064044
    2.695167    1.066131
    2.699838    1.073471
    2.704509    1.075643
    2.709180    1.071653
    2.713851    1.075605
    2.718522    1.075685
    2.723193    1.073992
    2.727864    1.075920
    2.732535    1.074938
    2.737206    1.076960
    2.741877    1.071743
    2.746548    1.077468
    2.751219    1.080226
    2.755890    1.079743
    2.760561    1.081945
    2.765232    1.082141
    2.769903    1.083657
    2.774574    1.084271
    2.779245    1.085450
    2.783916    1.087180
    2.788587    1.086538
    2.793258    1.086652
    2.797929    1.083618
    2.802600    1.084304
    2.807271    1.085327
    2.811942    1.088200
    2.816613    1.084064
    2.821284    1.083694
    2.825955    1.081247
    2.830626    1.084974
    2.835297    1.081684
    2.839968    1.080848
    2.844639    1.077597
    2.849310    1.074819
    2.853981    1.074994
    2.858652    1.074936
    2.863323    1.070360
    2.867994    1.071584
    2.872665    1.069729
    2.877336    1.069487
    2.882007    1.068046
    2.886678    1.065531
    2.891349    1.059587
    2.896020    1.057537
    2.900691    1.059148
    2.905362    1.053471
    2.910033    1.052070
    2.914704    1.049689
    2.919375    1.048661
    2.924046    1.047224
    2.928717    1.045197
    2.933388    1.045398
    2.938059    1.042515
    2.942730    1.035938
    2.947401    1.037816
    2.952072    1.032953
    2.956743    1.030087
    2.961414    1.027112
    2.966085    1.025509
    2.970756    1.018665
    2.975427    1.015846
    2.980098    1.015329
    2.984769    1.017230
    2.989440    1.015119
    2.994111    1.010557
    2.998782    1.009404
    3.003453    1.009701
    3.008124    1.002694
    3.012795    0.998656
    3.017466    0.996361
    3.022137    0.997176
    3.026808    0.993820
    3.031479    0.992200
    3.036150    0.994154
    3.040821    0.992973
    3.045492    0.986711
    3.050163    0.985519
    3.054834    0.983091
    3.059505    0.981014
    3.064176    0.976610
    3.068847    0.978709
    3.073518    0.980409
    3.078189    0.974745
    3.082860    0.971448
    3.087531    0.973019
    3.092202    0.968810
    3.096873    0.965863
    3.101544    0.966183
    3.106215    0.964579
    3.110886    0.960236
    3.115557    0.959222
    3.120228    0.956902
    3.124899    0.957739
    3.129570    0.954529
    3.134241    0.956532
    3.138912    0.957298
    3.143583    0.954893
    3.148254    0.953793
    3.152925    0.950168
    3.157596    0.948937
    3.162267    0.949686
    3.166938    0.953410
    3.171609    0.951195
    3.176280    0.950800
    3.180951    0.947992
    3.185622    0.949063
    3.190293    0.950045
    3.194964    0.950269
    3.199635    0.947969
    3.204306    0.946436
    3.208977    0.945635
    3.213648    0.947813
    3.218319    0.947597
    3.222990    0.949992
    3.227661    0.947851
    3.232332    0.949321
    3.237003    0.947845
    3.241674    0.948320
    3.246345    0.946509
    3.251016    0.947522
    3.255687    0.949152
    3.260358    0.951380
    3.265029    0.950545
    3.269700    0.950604
    3.274371    0.951500
    3.279042    0.951922
    3.283713    0.954288
    3.288384    0.952014
    3.293055    0.954868
    3.297726    0.953773
    3.302397    0.952751
    3.307068    0.955314
    3.311739    0.954595
    3.316410    0.959027
    3.321081    0.959719
    3.325752    0.957927
    3.330423    0.960586
    3.335094    0.962682
    3.339765    0.963744
    3.344436    0.963977
    3.349107    0.963617
    3.353778    0.964410
    3.358449    0.966526
    3.363120    0.971246
    3.367791    0.971932
    3.372462    0.974580
    3.377133    0.974032
    3.381804    0.975811
    3.386475    0.972509
    3.391146    0.972760
    3.395817    0.975016
    3.400488    0.975852
    3.405159    0.978470
    3.409830    0.980807
    3.414501    0.980279
    3.419172    0.981973
    3.423843    0.983601
    3.428514    0.986706
    3.433185    0.988300
    3.437856    0.988259
    3.442527    0.991002
    3.447198    0.992163
    3.451869    0.993193
    3.456540    0.996240
    3.461211    0.997668
    3.465882    0.994108
    3.470553    0.995248
    3.475224    0.998178
    3.479895    1.001237
    3.484566    1.004182
    3.489237    1.005159
    3.493908    1.007127
    3.498579    1.008436
    3.503250    1.007139
    3.507921    1.008781
    3.512592    1.009008
    3.517263    1.010412
    3.521934    1.012630
    3.526605    1.016500
    3.531276    1.016269
    3.535947    1.016894
    3.540618    1.018123
    3.545289    1.021536
    3.549960    1.023896
    3.554631    1.024815
    3.559302    1.023782
    3.563973    1.025621
    3.568644    1.025644
    3.573315    1.030058
    3.577986    1.032752
    3.582657    1.029486
    3.587328    1.027966
    3.591999    1.030820
    3.596670    1.031514
    3.601341    1.030838
    3.606012    1.029503
    3.610683    1.031919
    3.615354    1.030996
    3.620025    1.035239
    3.624696    1.034455
    3.629367    1.035163
    3.634038    1.034944
    3.638709    1.033890
    3.643380    1.033836
    3.648051    1.032789
    3.652722    1.032111
    3.657393    1.032355
    3.662064    1.031693
    3.666735    1.031901
    3.671406    1.032225
    3.676077    1.029491
    3.680748    1.028086
    3.685419    1.031495
    3.690090    1.032496
    3.694761    1.035928
    3.699432    1.034288
    3.704103    1.030669
    3.708774    1.029828
    3.713445    1.030177
    3.718116    1.027558
    3.722787    1.028314
    3.727458    1.028036
    3.732129    1.027703
    3.736800    1.026287
    3.741471    1.026441
    3.746142    1.024636
    3.750813    1.023639
    3.755484    1.021346
    3.760155    1.023847
    3.764826    1.024578
    3.769497    1.024841
    3.774168    1.024787
    3.778839    1.021728
    3.783510    1.019928
    3.788181    1.018317
    3.792852    1.017882
    3.797523    1.020637
    3.802194    1.017964
    3.806865    1.015758
    3.811536    1.015677
    3.816207    1.013976
    3.820878    1.012414
    3.825549    1.012268
    3.830220    1.011155
    3.834891    1.011500
    3.839562    1.007810
    3.844233    1.006524
    3.848904    1.005612
    3.853575    1.004272
    3.858246    1.002230
    3.862917    1.002847
    3.867588    1.000571
    3.872259    0.999723
    3.876930    1.002340
    3.881601    0.999520
    3.886272    0.997979
    3.890943    0.998398
    3.895614    0.999378
    3.900285    0.997587
    3.904956    0.995269
    3.909627    0.994158
    3.914298    0.990519
    3.918969    0.990785
    3.923640    0.992107
    3.928311    0.992685
    3.932982    0.995321
    3.937653    0.990731
    3.942324    0.989553
    3.946995    0.991151
    3.951666    0.993271
    3.956337    0.991837
    3.961008    0.990658
    3.965679    0.990613
    3.970350    0.991612
    3.975021    0.992883
    3.979692    0.992994
    3.984363    0.990371
    3.989034    0.988557
    3.993705    0.986092
    3.998376    0.985075
    4.003047    0.982376
    4.007718    0.981161
    4.012389    0.982518
    4.017060    0.982430
    4.021731    0.981377
    4.026402    0.981333
    4.031073    0.978032
    4.035744    0.979379
    4.040415    0.979014
    4.045086    0.978908
    4.049757    0.978068
    4.054428    0.978552
    4.059099    0.977683
    4.063770    0.975619
    4.068441    0.977723
    4.073112    0.977606
    4.077783    0.979521
    4.082454    0.979567
    4.087125    0.978500
    4.091796    0.977222
    4.096467    0.978848
    4.101138    0.978448
    4.105809    0.978819
    4.110480    0.979451
    4.115151    0.981479
    4.119822    0.983251
    4.124493    0.982362
    4.129164    0.981139
    4.133835    0.979281
    4.138506    0.980381
    4.143177    0.980158
    4.147848    0.981331
    4.152519    0.981842
    4.157190    0.981686
    4.161861    0.982020
    4.166532    0.981306
    4.171203    0.980731
    4.175874    0.983364
    4.180545    0.984586
    4.185216    0.985611
    4.189887    0.982831
    4.194558    0.980854
    4.199229    0.981814
    4.203900    0.983293
    4.208571    0.985162
    4.213242    0.984191
    4.217913    0.983776
    4.222584    0.984520
    4.227255    0.984222
    4.231926    0.985954
    4.236597    0.987230
    4.241268    0.988122
    4.245939    0.988143
    4.250610    0.990330
    4.255281    0.991269
    4.259952    0.991259
    4.264623    0.991478
    4.269294    0.988194
    4.273965    0.988878
    4.278636    0.988624
    4.283307    0.990205
    4.287978    0.991888
    4.292649    0.993008
    4.297320    0.992033
    4.301991    0.993166
    4.306662    0.991841
    4.311333    0.992484
    4.316004    0.993337
    4.320675    0.994715
    4.325346    0.994408
    4.330017    0.996954
    4.334688    0.999600
    4.339359    0.998636
    4.344030    0.997810
    4.348701    0.999725
    4.353372    1.001653
    4.358043    1.002068
    4.362714    1.001052
    4.367385    1.001411
    4.372056    1.001717
    4.376727    1.002959
    4.381398    1.005542
    4.386069    1.005618
    4.390740    1.006513
    4.395411    1.005673
    4.400082    1.005784
    4.404753    1.005712
    4.409424    1.005142
    4.414095    1.005106
    4.418766    1.004774
    4.423437    1.006094
    4.428108    1.005548
    4.432779    1.004831
    4.437450    1.007019
    4.442121    1.008422
    4.446792    1.008339
    4.451463    1.006916
    4.456134    1.007932
    4.460805    1.009354
    4.465476    1.009611
    4.470147    1.009289
    4.474818    1.010405
    4.479489    1.009365
    4.484160    1.012014
    4.488831    1.009999
    4.493502    1.011383
    4.498173    1.013467
    4.502844    1.013627
    4.507515    1.009931
    4.512186    1.010972
    4.516857    1.011700
    4.521528    1.011736
    4.526199    1.010085
    4.530870    1.012838
    4.535541    1.012971
    4.540212    1.012906
    4.544883    1.013251
    4.549554    1.013430
    4.554225    1.015319
    4.558896    1.015210
    4.563567    1.011648
    4.568238    1.010935
    4.572909    1.012760
    4.577580    1.013862
    4.582251    1.012593
    4.586922    1.012933
    4.591593    1.010625
    4.596264    1.010935
    4.600935    1.011036
    4.605606    1.011442
    4.610277    1.011669
    4.614948    1.012227
    4.619619    1.009029
    4.624290    1.007926
    4.628961    1.007594
    4.633632    1.008464
    4.638303    1.009136
    4.642974    1.009307
    4.647645    1.007389
    4.652316    1.005689
    4.656987    1.007516
    4.661658    1.007040
    4.666329    1.005940
    4.671000    1.006627
