    0.004671    0.000000
    0.009342    0.000000
    0.014013    0.000000
    0.018684    0.000000
    0.023355    0.000000
    0.028026    0.000000
    0.032697    0.000000
    0.037368    0.000000
    0.042039    0.000000
    0.046710    0.000000
    0.051381    0.000000
    0.056052    0.000000
    0.060723    0.000000
    0.065394    0.000000
    0.070065    0.000000
    0.074736    0.000000
    0.079407    0.000000
    0.084078    0.000000
    0.088749    0.000000
    0.093420    0.000000
    0.098091    0.000000
    0.102762    0.000000
    0.107433    0.000000
    0.112104    0.000000
    0.116775    0.000000
    0.121446    0.000000
    0.126117    0.000000
    0.130788    0.000000
    0.135459    0.000000
    0.140130    0.000000
    0.144801    0.000000
    0.149472    0.000000
    0.154143    0.000000
    0.158814    0.000000
    0.163485    0.000000
    0.168156    0.000000
    0.172827    0.000000
    0.177498    0.000000
    0.182169    0.000000
    0.186840    0.000000
    0.191511    0.000000
    0.196182    0.000000
    0.200853    0.000000
    0.205524    0.000000
    0.210195    0.000000
    0.214866    0.000000
    0.219537    0.000000
    0.224208    0.000000
    0.228879    0.000000
    0.233550    0.000000
    0.238221    0.000000
    0.242892    0.000000
    0.247563    0.000000
    0.252234    0.000000
    0.256905    0.000000
    0.261576    0.000000
    0.266247    0.000000
    0.270918    0.000000
    0.275589    0.000000
    0.280260    0.000000
    0.284931    0.000000
    0.289602    0.000000
    0.294273    0.000000
    0.298944    0.000000
    0.303615    0.000000
    0.308286    0.000000
    0.312957    0.000000
    0.317628    0.000000
    0.322299    0.000000
    0.326970    0.000000
    0.331641    0.000000
    0.336312    0.000000
    0.340983    0.000000
    0.345654    0.000000
    0.350325    0.000000
    0.354996    0.000000
    0.359667    0.000000
    0.364338    0.000000
    0.369009    0.000000
    0.373680    0.000000
    0.378351    0.000000
    0.383022    0.000000
    0.387693    0.000000
    0.392364    0.000000
    0.397035    0.000000
    0.401706    0.000000
    0.406377    0.000000
    0.411048    0.000000
    0.415719    0.000000
    0.420390    0.000000
    0.425061    0.000000
    0.429732    0.000000
    0.434403    0.000000
    0.439074    0.000000
    0.443745    0.000000
    0.448416    0.000000
    0.453087    0.000000
    0.457758    0.000000
    0.462429    0.000000
    0.467100    0.000000
    0.471771    0.000000
    0.476442    0.000000
    0.481113    0.000000
    0.485784    0.000000
    0.490455    0.000000
    0.495126    0.000000
    0.499797    0.000000
    0.504468    0.000000
    0.509139    0.000000
    0.513810    0.000000
    0.518481    0.000000
    0.523152    0.000000
    0.527823    0.000000
    0.532494    0.000000
    0.537165    0.000000
    0.541836    0.000000
    0.546507    0.000000
    0.551178    0.000000
    0.555849    0.000000
    0.560520    0.000000
    0.565191    0.000000
    0.569862    0.000000
    0.574533    0.000000
    0.579204    0.000000
    0.583875    0.000000
    0.588546    0.000000
    0.593217    0.000000
    0.597888    0.000000
    0.602559    0.000000
    0.607230    0.000000
    0.611901    0.000000
    0.616572    0.000000
    0.621243    0.000000
    0.625914    0.000000
    0.630585    0.000000
    0.635256    0.000000
    0.639927    0.000000
    0.644598    0.000000
    0.649269    0.000000
    0.653940    0.000000
    0.658611    0.000000
    0.663282    0.000000
    0.667953    0.000000
    0.672624    0.000000
    0.677295    0.000000
    0.681966    0.000000
    0.686637    0.000000
    0.691308    0.000000
    0.695979    0.000000
    0.700650    0.000000
    0.705321    0.000000
    0.709992    0.000000
    0.714663    0.000000
    0.719334    0.000000
    0.724005    0.000000
    0.728676    0.000000
    0.733347    0.000000
    0.738018    0.000000
    0.742689    0.000000
    0.747360    0.000000
    0.752031    0.000000
    0.756702    0.000000
    0.761373    0.000000
    0.766044    0.000000
    0.770715    0.000000
    0.775386    0.000000
    0.780057    0.000000
    0.784728    0.000000
    0.789399    0.000000
    0.794070    0.000000
    0.798741    0.000000
    0.803412    0.000000
    0.808083    0.000000
    0.812754    0.000000
    0.817425    0.000000
    0.822096    0.000000
    0.826767    0.000000
    0.831438    0.000000
    0.836109    0.000093
    0.840780    0.000113
    0.845451    0.000270
    0.850122    0.000863
    0.854793    0.001455
    0.859464    0.002025
    0.864135    0.004030
    0.868806    0.008399
    0.873477    0.014705
    0.878148    0.022916
    0.882819    0.034225
    0.887490    0.052798
    0.892161    0.073943
    0.896832    0.101130
    0.901503    0.146076
    0.906174    0.196314
    0.910845    0.259797
    0.915516    0.327280
    0.920187    0.403228
    0.924858    0.498837
    0.929529    0.604703
    0.934200    0.724275
    0.938871    0.840306
    0.943542    0.967584
    0.948213    1.107762
    0.952884    1.254428
    0.957555    1.397542
    0.962226    1.542645
    0.966897    1.689159
    0.971568    1.824763
    0.976239    1.971876
    0.980910    2.105034
    0.985581    2.226747
    0.990252    2.353209
    0.994923    2.462550
    0.999594    2.561410
    1.004265    2.665910
    1.008936    2.751896
    1.013607    2.828794
    1.018278    2.886788
    1.022949    2.934842
    1.027620    2.974419
    1.032291    3.016999
    1.036962    3.040458
    1.041633    3.059189
    1.046304    3.076707
    1.050975    3.076913
    1.055646    3.052619
    1.060317    3.028538
    1.064988    3.005113
    1.069659    2.985566
    1.074330    2.949076
    1.079001    2.909644
    1.083672    2.869914
    1.088343    2.831274
    1.093014    2.776418
    1.097685    2.720377
    1.102356    2.653824
    1.107027    2.593868
    1.111698    2.530666
    1.116369    2.470351
    1.121040    2.399311
    1.125711    2.344153
    1.130382    2.292440
    1.135053    2.216542
    1.139724    2.139337
    1.144395    2.064292
    1.149066    2.012542
    1.153737    1.949535
    1.158408    1.896282
    1.163079    1.839987
    1.167750    1.784786
    1.172421    1.729731
    1.177092    1.656648
    1.181763    1.586519
    1.186434    1.538763
    1.191105    1.477322
    1.195776    1.426308
    1.200447    1.365584
    1.205118    1.309412
    1.209789    1.261250
    1.214460    1.213052
    1.219131    1.183146
    1.223802    1.132211
    1.228473    1.079293
    1.233144    1.041426
    1.237815    1.011409
    1.242486    0.965669
    1.247157    0.929175
    1.251828    0.891448
    1.256499    0.865209
    1.261170    0.834026
    1.265841    0.794638
    1.270512    0.768839
    1.275183    0.737307
    1.279854    0.718121
    1.284525    0.694825
    1.289196    0.665159
    1.293867    0.636394
    1.298538    0.622999
    1.303209    0.599441
    1.307880    0.583062
    1.312551    0.563210
    1.317222    0.548100
    1.321893    0.535247
    1.326564    0.513828
    1.331235    0.499591
    1.335906    0.491342
    1.340577    0.489024
    1.345248    0.473084
    1.349919    0.465893
    1.354590    0.456990
    1.359261    0.449860
    1.363932    0.445507
    1.368603    0.438549
    1.373274    0.431110
    1.377945    0.426535
    1.382616    0.434479
    1.387287    0.434704
    1.391958    0.430895
    1.396629    0.436384
    1.401300    0.434489
    1.405971    0.436295
    1.410642    0.431318
    1.415313    0.437144
    1.419984    0.447533
    1.424655    0.451101
    1.429326    0.459309
    1.433997    0.460028
    1.438668    0.461577
    1.443339    0.466450
    1.448010    0.465977
    1.452681    0.473095
    1.457352    0.477942
    1.462023    0.482646
    1.466694    0.490477
    1.471365    0.495593
    1.476036    0.503305
    1.480707    0.507586
    1.485378    0.507427
    1.490049    0.514392
    1.494720    0.518578
    1.499391    0.525780
    1.504062    0.528191
    1.508733    0.532639
    1.513404    0.535703
    1.518075    0.545056
    1.522746    0.550291
    1.527417    0.557801
    1.532088    0.558488
    1.536759    0.563296
    1.541430    0.564182
    1.546101    0.570850
    1.550772    0.579129
    1.555443    0.580777
    1.560114    0.580736
    1.564785    0.584925
    1.569456    0.587665
    1.574127    0.585975
    1.578798    0.586603
    1.583469    0.589991
    1.588140    0.597265
    1.592811    0.601235
    1.597482    0.605201
    1.602153    0.601038
    1.606824    0.605570
    1.611495    0.604258
    1.616166    0.605386
    1.620837    0.613721
    1.625508    0.617622
    1.630179    0.627878
    1.634850    0.629588
    1.639521    0.635491
    1.644192    0.640164
    1.648863    0.647578
    1.653534    0.655879
    1.658205    0.661217
    1.662876    0.673544
    1.667547    0.682930
    1.672218    0.688627
    1.676889    0.702000
    1.681560    0.708603
    1.686231    0.723851
    1.690902    0.738177
    1.695573    0.753557
    1.700244    0.766185
    1.704915    0.786743
    1.709586    0.803508
    1.714257    0.821334
    1.718928    0.839666
    1.723599    0.860855
    1.728270    0.880505
    1.732941    0.901771
    1.737612    0.923785
    1.742283    0.953977
    1.746954    0.975121
    1.751625    1.004039
    1.756296    1.030113
    1.760967    1.053143
    1.765638    1.069222
    1.770309    1.099380
    1.774980    1.126188
    1.779651    1.148507
    1.784322    1.178094
    1.788993    1.199065
    1.793664    1.230143
    1.798335    1.255882
    1.803006    1.279630
    1.807677    1.306333
    1.812348    1.338552
    1.817019    1.352776
    1.821690    1.376005
    1.826361    1.399057
    1.831032    1.414855
    1.835703    1.431246
    1.840374    1.444985
    1.845045    1.465315
    1.849716    1.479404
    1.854387    1.494860
    1.859058    1.499700
    1.863729    1.509173
    1.868400    1.517495
    1.873071    1.519875
    1.877742    1.535117
    1.882413    1.540994
    1.887084    1.536754
    1.891755    1.535974
    1.896426    1.539382
    1.901097    1.536757
    1.905768    1.536870
    1.910439    1.530906
    1.915110    1.520852
    1.919781    1.513423
    1.924452    1.507815
    1.929123    1.503270
    1.933794    1.490147
    1.938465    1.483333
    1.943136    1.478347
    1.947807    1.458244
    1.952478    1.447077
    1.957149    1.437838
    1.961820    1.424411
    1.966491    1.404351
    1.971162    1.392676
    1.975833    1.374568
    1.980504    1.361450
    1.985175    1.339221
    1.989846    1.323150
    1.994517    1.310148
    1.999188    1.292478
    2.003859    1.278564
    2.008530    1.258549
    2.013201    1.238395
    2.017872    1.224612
    2.022543    1.212884
    2.027214    1.192480
    2.031885    1.179658
    2.036556    1.165822
    2.041227    1.151625
    2.045898    1.136392
    2.050569    1.127254
    2.055240    1.110700
    2.059911    1.095975
    2.064582    1.083355
    2.069253    1.070454
    2.073924    1.059149
    2.078595    1.043831
    2.083266    1.033280
    2.087937    1.020759
    2.092608    1.011605
    2.097279    0.997417
    2.101950    0.991862
    2.106621    0.978555
    2.111292    0.970553
    2.115963    0.959527
    2.120634    0.947416
    2.125305    0.940715
    2.129976    0.932454
    2.134647    0.930889
    2.139318    0.927676
    2.143989    0.917998
    2.148660    0.911671
    2.153331    0.909083
    2.158002    0.901133
    2.162673    0.897048
    2.167344    0.890299
    2.172015    0.885537
    2.176686    0.881664
    2.181357    0.878025
    2.186028    0.873010
    2.190699    0.866354
    2.195370    0.862464
    2.200041    0.860372
    2.204712    0.852208
    2.209383    0.848416
    2.214054    0.851800
    2.218725    0.853565
    2.223396    0.850154
    2.228067    0.849615
    2.232738    0.841992
    2.237409    0.847735
    2.242080    0.846565
    2.246751    0.847291
    2.251422    0.844501
    2.256093    0.842251
    2.260764    0.843269
    2.265435    0.848368
    2.270106    0.846188
    2.274777    0.853296
    2.279448    0.854852
    2.284119    0.854375
    2.288790    0.860036
    2.293461    0.860054
    2.298132    0.859626
    2.302803    0.863459
    2.307474    0.866154
    2.312145    0.871773
    2.316816    0.874860
    2.321487    0.877679
    2.326158    0.883919
    2.330829    0.884423
    2.335500    0.891814
    2.340171    0.895311
    2.344842    0.896666
    2.349513    0.901593
    2.354184    0.904817
    2.358855    0.911929
    2.363526    0.915205
    2.368197    0.920073
    2.372868    0.924501
    2.377539    0.930366
    2.382210    0.937626
    2.386881    0.940618
    2.391552    0.941821
    2.396223    0.945856
    2.400894    0.950206
    2.405565    0.947339
    2.410236    0.950215
    2.414907    0.952145
    2.419578    0.955679
    2.424249    0.953918
    2.428920    0.960730
    2.433591    0.961355
    2.438262    0.961817
    2.442933    0.957703
    2.447604    0.959212
    2.452275    0.960558
    2.456946    0.956638
    2.461617    0.951258
    2.466288    0.953071
    2.470959    0.952473
    2.475630    0.948198
    2.480301    0.947899
    2.484972    0.945901
    2.489643    0.940950
    2.494314    0.937479
    2.498985    0.928953
    2.503656    0.924031
    2.508327    0.922269
    2.512998    0.922722
    2.517669    0.916428
    2.522340    0.916193
    2.527011    0.905655
    2.531682    0.897177
    2.536353    0.892018
    2.541024    0.886185
    2.545695    0.875002
    2.550366    0.874496
    2.555037    0.868355
    2.559708    0.861680
    2.564379    0.855910
    2.569050    0.849728
    2.573721    0.844098
    2.578392    0.837777
    2.583063    0.832961
    2.587734    0.829734
    2.592405    0.826261
    2.597076    0.820063
    2.601747    0.814889
    2.606418    0.813968
    2.611089    0.809302
    2.615760    0.806391
    2.620431    0.808164
    2.625102    0.805519
    2.629773    0.804788
    2.634444    0.806168
    2.639115    0.803611
    2.643786    0.804888
    2.648457    0.807140
    2.653128    0.807722
    2.657799    0.810931
    2.662470    0.809989
    2.667141    0.816705
    2.671812    0.820324
    2.676483    0.825607
    2.681154    0.834442
    2.685825    0.840533
    2.690496    0.850140
    2.695167    0.856320
    2.699838    0.865061
    2.704509    0.874895
    2.709180    0.883746
    2.713851    0.889511
    2.718522    0.900370
    2.723193    0.914943
    2.727864    0.930555
    2.732535    0.940885
    2.737206    0.952066
    2.741877    0.964125
    2.746548    0.979917
    2.751219    0.993859
    2.755890    1.008486
    2.760561    1.027532
    2.765232    1.045320
    2.769903    1.062783
    2.774574    1.078016
    2.779245    1.091202
    2.783916    1.103575
    2.788587    1.117646
    2.793258    1.131100
    2.797929    1.143818
    2.802600    1.159445
    2.807271    1.171784
    2.811942    1.187684
    2.816613    1.197849
    2.821284    1.209221
    2.825955    1.222278
    2.830626    1.238946
    2.835297    1.255498
    2.839968    1.263547
    2.844639    1.270649
    2.849310    1.279081
    2.853981    1.286964
    2.858652    1.294713
    2.863323    1.304264
    2.867994    1.310546
    2.872665    1.318090
    2.877336    1.323883
    2.882007    1.326570
    2.886678    1.329549
    2.891349    1.325615
    2.896020    1.328401
    2.900691    1.328618
    2.905362    1.326568
    2.910033    1.326799
    2.914704    1.327694
    2.919375    1.322891
    2.924046    1.315261
    2.928717    1.309519
    2.933388    1.302075
    2.938059    1.293323
    2.942730    1.286450
    2.947401    1.279852
    2.952072    1.273595
    2.956743    1.263625
    2.961414    1.249589
    2.966085    1.238823
    2.970756    1.225698
    2.975427    1.213807
    2.980098    1.202516
    2.984769    1.189866
    2.989440    1.176525
    2.994111    1.163557
    2.998782    1.151492
    3.003453    1.134403
    3.008124    1.120557
    3.012795    1.106404
    3.017466    1.094694
    3.022137    1.081799
    3.026808    1.065791
    3.031479    1.051682
    3.036150    1.039187
    3.040821    1.025183
    3.045492    1.014030
    3.050163    0.998826
    3.054834    0.987002
    3.059505    0.976194
    3.064176    0.962786
    3.068847    0.954034
    3.073518    0.942778
    3.078189    0.933911
    3.082860    0.925329
    3.087531    0.917083
    3.092202    0.905846
    3.096873    0.896875
    3.101544    0.889815
    3.106215    0.886014
    3.110886    0.879338
    3.115557    0.874708
    3.120228    0.872282
    3.124899    0.870231
    3.129570    0.868105
    3.134241    0.861275
    3.138912    0.859192
    3.143583    0.858662
    3.148254    0.861412
    3.152925    0.859203
    3.157596    0.856544
    3.162267    0.857183
    3.166938    0.858612
    3.171609    0.855516
    3.176280    0.858799
    3.180951    0.863778
    3.185622    0.867850
    3.190293    0.867809
    3.194964    0.873560
    3.199635    0.874051
    3.204306    0.879992
    3.208977    0.882951
    3.213648    0.886959
    3.218319    0.887896
    3.222990    0.892373
    3.227661    0.897133
    3.232332    0.899962
    3.237003    0.906588
    3.241674    0.910675
    3.246345    0.916347
    3.251016    0.922608
    3.255687    0.929073
    3.260358    0.936202
    3.265029    0.937922
    3.269700    0.941918
    3.274371    0.943234
    3.279042    0.950974
    3.283713    0.954482
    3.288384    0.958887
    3.293055    0.962224
    3.297726    0.965646
    3.302397    0.969732
    3.307068    0.972536
    3.311739    0.974287
    3.316410    0.977881
    3.321081    0.979160
    3.325752    0.978001
    3.330423    0.980244
    3.335094    0.985510
    3.339765    0.987656
    3.344436    0.985771
    3.349107    0.988166
    3.353778    0.988451
    3.358449    0.987160
    3.363120    0.986866
    3.367791    0.983545
    3.372462    0.981893
    3.377133    0.986195
    3.381804    0.989702
    3.386475    0.987468
    3.391146    0.985756
    3.395817    0.983477
    3.400488    0.985842
    3.405159    0.981532
    3.409830    0.977995
    3.414501    0.973910
    3.419172    0.975195
    3.423843    0.973928
    3.428514    0.969699
    3.433185    0.965908
    3.437856    0.964509
    3.442527    0.961451
    3.447198    0.960327
    3.451869    0.959688
    3.456540    0.955853
    3.461211    0.950140
    3.465882    0.952182
    3.470553    0.950312
    3.475224    0.945856
    3.479895    0.940971
    3.484566    0.938239
    3.489237    0.936227
    3.493908    0.932937
    3.498579    0.930858
    3.503250    0.929351
    3.507921    0.924090
    3.512592    0.919991
    3.517263    0.918443
    3.521934    0.916772
    3.526605    0.916065
    3.531276    0.913960
    3.535947    0.911758
    3.540618    0.908412
    3.545289    0.906259
    3.549960    0.905503
    3.554631    0.903262
    3.559302    0.903943
    3.563973    0.899346
    3.568644    0.899347
    3.573315    0.898384
    3.577986    0.896027
    3.582657    0.894758
    3.587328    0.893591
    3.591999    0.892409
    3.596670    0.892484
    3.601341    0.894285
    3.606012    0.892692
    3.610683    0.897385
    3.615354    0.895541
    3.620025    0.896715
    3.624696    0.897975
    3.629367    0.899602
    3.634038    0.903067
    3.638709    0.904758
    3.643380    0.905439
    3.648051    0.905835
    3.652722    0.909227
    3.657393    0.911094
    3.662064    0.911156
    3.666735    0.914503
    3.671406    0.920642
    3.676077    0.924339
    3.680748    0.925578
    3.685419    0.927142
    3.690090    0.930155
    3.694761    0.938153
    3.699432    0.942320
    3.704103    0.949334
    3.708774    0.952345
    3.713445    0.958243
    3.718116    0.962087
    3.722787    0.969196
    3.727458    0.976563
    3.732129    0.982156
    3.736800    0.989938
    3.741471    0.995265
    3.746142    1.000664
    3.750813    1.009483
    3.755484    1.018663
    3.760155    1.025246
    3.764826    1.030641
    3.769497    1.037254
    3.774168    1.046750
    3.778839    1.053404
    3.783510    1.062940
    3.788181    1.066088
    3.792852    1.075988
    3.797523    1.087747
    3.802194    1.094586
    3.806865    1.101040
    3.811536    1.107097
    3.816207    1.116276
    3.820878    1.125888
    3.825549    1.135030
    3.830220    1.140725
    3.834891    1.148233
    3.839562    1.158528
    3.844233    1.165253
    3.848904    1.172550
    3.853575    1.181803
    3.858246    1.183609
    3.862917    1.189211
    3.867588    1.197771
    3.872259    1.201822
    3.876930    1.206241
    3.881601    1.213516
    3.886272    1.218263
    3.890943    1.220331
    3.895614    1.222919
    3.900285    1.226730
    3.904956    1.228588
    3.909627    1.230790
    3.914298    1.232362
    3.918969    1.231369
    3.923640    1.231002
    3.928311    1.232532
    3.932982    1.233151
    3.937653    1.231738
    3.942324    1.232286
    3.946995    1.231390
    3.951666    1.228296
    3.956337    1.224766
    3.961008    1.220256
    3.965679    1.216382
    3.970350    1.211834
    3.975021    1.208127
    3.979692    1.203808
    3.984363    1.197864
    3.989034    1.190676
    3.993705    1.183029
    3.998376    1.178470
    4.003047    1.173305
    4.007718    1.165644
    4.012389    1.157207
    4.017060    1.145906
    4.021731    1.136784
    4.026402    1.129098
    4.031073    1.119013
    4.035744    1.107879
    4.040415    1.100124
    4.045086    1.091629
    4.049757    1.082357
    4.054428    1.072707
    4.059099    1.062632
    4.063770    1.051759
    4.068441    1.039971
    4.073112    1.031580
    4.077783    1.022698
    4.082454    1.012444
    4.087125    1.001325
    4.091796    0.991530
    4.096467    0.983054
    4.101138    0.975500
    4.105809    0.966997
    4.110480    0.958512
    4.115151    0.948531
    4.119822    0.943045
    4.124493    0.935817
    4.129164    0.930323
    4.133835    0.919102
    4.138506    0.912723
    4.143177    0.905162
    4.147848    0.898395
    4.152519    0.893837
    4.157190    0.890032
    4.161861    0.884977
    4.166532    0.879859
    4.171203    0.873883
    4.175874    0.870156
    4.180545    0.868324
    4.185216    0.866331
    4.189887    0.861430
    4.194558    0.855374
    4.199229    0.853442
    4.203900    0.851475
    4.208571    0.847420
    4.213242    0.846317
    4.217913    0.846753
    4.222584    0.844942
    4.227255    0.840127
    4.231926    0.838584
    4.236597    0.838812
    4.241268    0.837361
    4.245939    0.838374
    4.250610    0.835926
    4.255281    0.836839
    4.259952    0.838953
    4.264623    0.835271
    4.269294    0.834698
    4.273965    0.834901
    4.278636    0.836968
    4.283307    0.836003
    4.287978    0.835919
    4.292649    0.837597
    4.297320    0.838378
    4.301991    0.839107
    4.306662    0.840704
    4.311333    0.839336
    4.316004    0.838021
    4.320675    0.840707
    4.325346    0.839788
    4.330017    0.838665
    4.334688    0.840775
    4.339359    0.841679
    4.344030    0.842784
    4.348701    0.842287
    4.353372    0.845291
    4.358043    0.845310
    4.362714    0.847898
    4.367385    0.850487
    4.372056    0.850848
    4.376727    0.852772
    4.381398    0.854574
    4.386069    0.859037
    4.390740    0.860137
    4.395411    0.864649
    4.400082    0.865185
    4.404753    0.867939
    4.409424    0.872130
    4.414095    0.875475
    4.418766    0.878935
    4.423437    0.880035
    4.428108    0.883659
    4.432779    0.890002
    4.437450    0.893713
    4.442121    0.898445
    4.446792    0.903290
    4.451463    0.905539
    4.456134    0.909150
    4.460805    0.912188
    4.465476    0.916727
    4.470147    0.923277
    4.474818    0.928366
    4.479489    0.933412
    4.484160    0.936960
    4.488831    0.940063
    4.493502    0.944127
    4.498173    0.949836
    4.502844    0.955081
    4.507515    0.958762
    4.512186    0.964601
    4.516857    0.967431
    4.521528    0.973924
    4.526199    0.979905
    4.530870    0.984613
    4.535541    0.989873
    4.540212    0.996415
    4.544883    1.003027
    4.549554    1.005924
    4.554225    1.010701
    4.558896    1.019517
    4.563567    1.022693
    4.568238    1.026572
    4.572909    1.032879
    4.577580    1.039346
    4.582251    1.043072
    4.586922    1.047579
    4.591593    1.052404
    4.596264    1.056951
    4.600935    1.062048
    4.605606    1.068131
    4.610277    1.072113
    4.614948    1.074349
    4.619619    1.081222
    4.624290    1.084731
    4.628961    1.088511
    4.633632    1.094174
    4.638303    1.097681
    4.642974    1.103154
    4.647645    1.106163
    4.652316    1.108071
    4.656987    1.111369
    4.661658    1.117228
    4.666329    1.121088
    4.671000    1.123470
