    0.004671    0.000000
    0.009342    0.000000
    0.014013    0.000000
    0.018684    0.000000
    0.023355    0.000000
    0.028026    0.000000
    0.032697    0.000000
    0.037368    0.000000
    0.042039    0.000000
    0.046710    0.000000
    0.051381    0.000000
    0.056052    0.000000
    0.060723    0.000000
    0.065394    0.000000
    0.070065    0.000000
    0.074736    0.000000
    0.079407    0.000000
    0.084078    0.000000
    0.088749    0.000000
    0.093420    0.000000
    0.098091    0.000000
    0.102762    0.000000
    0.107433    0.000000
    0.112104    0.000000
    0.116775    0.000000
    0.121446    0.000000
    0.126117    0.000000
    0.130788    0.000000
    0.135459    0.000000
    0.140130    0.000000
    0.144801    0.000000
    0.149472    0.000000
    0.154143    0.000000
    0.158814    0.000000
    0.163485    0.000000
    0.168156    0.000000
    0.172827    0.000000
    0.177498    0.000000
    0.182169    0.000000
    0.186840    0.000000
    0.191511    0.000000
    0.196182    0.000000
    0.200853    0.000000
    0.205524    0.000000
    0.210195    0.000000
    0.214866    0.000000
    0.219537    0.000000
    0.224208    0.000000
    0.228879    0.000000
    0.233550    0.000000
    0.238221    0.000000
    0.242892    0.000000
    0.247563    0.000000
    0.252234    0.000000
    0.256905    0.000000
    0.261576    0.000000
    0.266247    0.000000
    0.270918    0.000000
    0.275589    0.000000
    0.280260    0.000000
    0.284931    0.000000
    0.289602    0.000000
    0.294273    0.000000
    0.298944    0.000000
    0.303615    0.000000
    0.308286    0.000000
    0.312957    0.000000
    0.317628    0.000000
    0.322299    0.000000
    0.326970    0.000000
    0.331641    0.000000
    0.336312    0.000000
    0.340983    0.000000
    0.345654    0.000000
    0.350325    0.000000
    0.354996    0.000000
    0.359667    0.000000
    0.364338    0.000000
    0.369009    0.000000
    0.373680    0.000000
    0.378351    0.000000
    0.383022    0.000000
    0.387693    0.000000
    0.392364    0.000000
    0.397035    0.000000
    0.401706    0.000000
    0.406377    0.000000
    0.411048    0.000000
    0.415719    0.000000
    0.420390    0.000000
    0.425061    0.000000
    0.429732    0.000000
    0.434403    0.000000
    0.439074    0.000000
    0.443745    0.000000
    0.448416    0.000000
    0.453087    0.000000
    0.457758    0.000000
    0.462429    0.000000
    0.467100    0.000000
    0.471771    0.000000
    0.476442    0.000000
    0.481113    0.000000
    0.485784    0.000000
    0.490455    0.000000
    0.495126    0.000000
    0.499797    0.000000
    0.504468    0.000000
    0.509139    0.000000
    0.513810    0.000000
    0.518481    0.000000
    0.523152    0.000000
    0.527823    0.000000
    0.532494    0.000000
    0.537165    0.000000
    0.541836    0.000000
    0.546507    0.000000
    0.551178    0.000000
    0.555849    0.000000
    0.560520    0.000000
    0.565191    0.000000
    0.569862    0.000000
    0.574533    0.000000
    0.579204    0.000000
    0.583875    0.000000
    0.588546    0.000000
    0.593217    0.000000
    0.597888    0.000000
    0.602559    0.000000
    0.607230    0.000000
    0.611901    0.000000
    0.616572    0.000000
    0.621243    0.000000
    0.625914    0.000000
    0.630585    0.000000
    0.635256    0.000000
    0.639927    0.000000
    0.644598    0.000000
    0.649269    0.000000
    0.653940    0.000000
    0.658611    0.000000
    0.663282    0.000000
    0.667953    0.000000
    0.672624    0.000000
    0.677295    0.000000
    0.681966    0.000000
    0.686637    0.000000
    0.691308    0.000000
    0.695979    0.000000
    0.700650    0.000000
    0.705321    0.000000
    0.709992    0.000000
    0.714663    0.000000
    0.719334    0.000000
    0.724005    0.000000
    0.728676    0.000000
    0.733347    0.000000
    0.738018    0.000000
    0.742689    0.000000
    0.747360    0.000000
    0.752031    0.000000
    0.756702    0.000000
    0.761373    0.000000
    0.766044    0.000000
    0.770715    0.000000
    0.775386    0.000000
    0.780057    0.000000
    0.784728    0.000000
    0.789399    0.000000
    0.794070    0.000000
    0.798741    0.000000
    0.803412    0.000000
    0.808083    0.000000
    0.812754    0.000000
    0.817425    0.000000
    0.822096    0.000000
    0.826767    0.000000
    0.831438    0.000000
    0.836109    0.000000
    0.840780    0.000000
    0.845451    0.000000
    0.850122    0.000000
    0.854793    0.000000
    0.859464    0.000000
    0.864135    0.000000
    0.868806    0.000000
    0.873477    0.000000
    0.878148    0.000000
    0.882819    0.000000
    0.887490    0.000078
    0.892161    0.000173
    0.896832    0.000396
    0.901503    0.001383
    0.906174    0.002043
    0.910845    0.003379
    0.915516    0.006446
    0.920187    0.010667
    0.924858    0.019964
    0.929529    0.034463
    0.934200    0.049889
    0.938871    0.074651
    0.943542    0.106994
    0.948213    0.148185
    0.952884    0.208032
    0.957555    0.278188
    0.962226    0.365839
    0.966897    0.471912
    0.971568    0.598001
    0.976239    0.729362
    0.980910    0.886719
    0.985581    1.071138
    0.990252    1.271505
    0.994923    1.490222
    0.999594    1.712373
    1.004265    1.948120
    1.008936    2.175937
    1.013607    2.429027
    1.018278    2.660519
    1.022949    2.869147
    1.027620    3.055347
    1.032291    3.286013
    1.036962    3.496366
    1.041633    3.666009
    1.046304    3.826370
    1.050975    3.941518
    1.055646    4.065184
    1.060317    4.155877
    1.064988    4.216500
    1.069659    4.271688
    1.074330    4.315582
    1.079001    4.298958
    1.083672    4.266782
    1.088343    4.226722
    1.093014    4.151051
    1.097685    4.099751
    1.102356    4.048057
    1.107027    3.977199
    1.111698    3.855535
    1.116369    3.729387
    1.121040    3.616628
    1.125711    3.479371
    1.130382    3.345966
    1.135053    3.200101
    1.139724    3.050524
    1.144395    2.914012
    1.149066    2.780400
    1.153737    2.632893
    1.158408    2.511009
    1.163079    2.354203
    1.167750    2.220794
    1.172421    2.096638
    1.177092    1.955451
    1.181763    1.817352
    1.186434    1.697364
    1.191105    1.586253
    1.195776    1.469966
    1.200447    1.370190
    1.205118    1.275447
    1.209789    1.170217
    1.214460    1.073437
    1.219131    0.987469
    1.223802    0.911347
    1.228473    0.833207
    1.233144    0.770311
    1.237815    0.709620
    1.242486    0.649078
    1.247157    0.593725
    1.251828    0.532334
    1.256499    0.483399
    1.261170    0.431629
    1.265841    0.395572
    1.270512    0.360484
    1.275183    0.327427
    1.279854    0.297519
    1.284525    0.266160
    1.289196    0.242965
    1.293867    0.215813
    1.298538    0.200168
    1.303209    0.185744
    1.307880    0.166753
    1.312551    0.154572
    1.317222    0.144207
    1.321893    0.136691
    1.326564    0.127989
    1.331235    0.122400
    1.335906    0.114071
    1.340577    0.113940
    1.345248    0.112822
    1.349919    0.110605
    1.354590    0.118351
    1.359261    0.122020
    1.363932    0.122617
    1.368603    0.129951
    1.373274    0.138625
    1.377945    0.144085
    1.382616    0.154061
    1.387287    0.158997
    1.391958    0.175445
    1.396629    0.189744
    1.401300    0.204040
    1.405971    0.218667
    1.410642    0.230645
    1.415313    0.246682
    1.419984    0.262599
    1.424655    0.285106
    1.429326    0.306934
    1.433997    0.330824
    1.438668    0.352645
    1.443339    0.375635
    1.448010    0.406058
    1.452681    0.431244
    1.457352    0.451773
    1.462023    0.478526
    1.466694    0.503363
    1.471365    0.526517
    1.476036    0.552852
    1.480707    0.582073
    1.485378    0.604890
    1.490049    0.632946
    1.494720    0.656551
    1.499391    0.677702
    1.504062    0.706617
    1.508733    0.722435
    1.513404    0.738967
    1.518075    0.761993
    1.522746    0.772539
    1.527417    0.786987
    1.532088    0.788313
    1.536759    0.796100
    1.541430    0.812208
    1.546101    0.817596
    1.550772    0.819614
    1.555443    0.820448
    1.560114    0.827165
    1.564785    0.821630
    1.569456    0.810522
    1.574127    0.803315
    1.578798    0.797140
    1.583469    0.783318
    1.588140    0.772450
    1.592811    0.762112
    1.597482    0.746520
    1.602153    0.736872
    1.606824    0.709525
    1.611495    0.681535
    1.616166    0.655559
    1.620837    0.640102
    1.625508    0.617855
    1.630179    0.600201
    1.634850    0.570920
    1.639521    0.547433
    1.644192    0.521657
    1.648863    0.495847
    1.653534    0.473357
    1.658205    0.451132
    1.662876    0.432946
    1.667547    0.414854
    1.672218    0.396718
    1.676889    0.381748
    1.681560    0.367923
    1.686231    0.358377
    1.690902    0.346199
    1.695573    0.336211
    1.700244    0.339679
    1.704915    0.342074
    1.709586    0.337908
    1.714257    0.347614
    1.718928    0.356178
    1.723599    0.365960
    1.728270    0.384023
    1.732941    0.404303
    1.737612    0.425046
    1.742283    0.451255
    1.746954    0.483057
    1.751625    0.521613
    1.756296    0.560243
    1.760967    0.609243
    1.765638    0.659252
    1.770309    0.715503
    1.774980    0.770311
    1.779651    0.825055
    1.784322    0.892166
    1.788993    0.956193
    1.793664    1.027967
    1.798335    1.088343
    1.803006    1.173429
    1.807677    1.252007
    1.812348    1.323134
    1.817019    1.397592
    1.821690    1.475062
    1.826361    1.550333
    1.831032    1.632745
    1.835703    1.707630
    1.840374    1.783798
    1.845045    1.853652
    1.849716    1.920286
    1.854387    1.983530
    1.859058    2.028461
    1.863729    2.086738
    1.868400    2.145762
    1.873071    2.179946
    1.877742    2.212669
    1.882413    2.239484
    1.887084    2.258336
    1.891755    2.280469
    1.896426    2.299330
    1.901097    2.293909
    1.905768    2.299235
    1.910439    2.302917
    1.915110    2.285803
    1.919781    2.261632
    1.924452    2.231712
    1.929123    2.189238
    1.933794    2.145982
    1.938465    2.100398
    1.943136    2.054256
    1.947807    1.997121
    1.952478    1.943740
    1.957149    1.872637
    1.961820    1.812592
    1.966491    1.742941
    1.971162    1.673117
    1.975833    1.606722
    1.980504    1.535517
    1.985175    1.472785
    1.989846    1.403265
    1.994517    1.341385
    1.999188    1.270551
    2.003859    1.210118
    2.008530    1.148787
    2.013201    1.091797
    2.017872    1.029170
    2.022543    0.975281
    2.027214    0.927384
    2.031885    0.885357
    2.036556    0.840800
    2.041227    0.804529
    2.045898    0.770611
    2.050569    0.744846
    2.055240    0.718789
    2.059911    0.699063
    2.064582    0.687484
    2.069253    0.668579
    2.073924    0.660631
    2.078595    0.656964
    2.083266    0.648091
    2.087937    0.646960
    2.092608    0.650833
    2.097279    0.660279
    2.101950    0.663878
    2.106621    0.675444
    2.111292    0.689797
    2.115963    0.703767
    2.120634    0.713230
    2.125305    0.727612
    2.129976    0.738193
    2.134647    0.755821
    2.139318    0.773800
    2.143989    0.788722
    2.148660    0.809535
    2.153331    0.819763
    2.158002    0.833437
    2.162673    0.841278
    2.167344    0.857680
    2.172015    0.868405
    2.176686    0.873111
    2.181357    0.873716
    2.186028    0.882224
    2.190699    0.884062
    2.195370    0.888265
    2.200041    0.887382
    2.204712    0.881007
    2.209383    0.881056
    2.214054    0.872468
    2.218725    0.861460
    2.223396    0.859414
    2.228067    0.853889
    2.232738    0.844371
    2.237409    0.830268
    2.242080    0.815045
    2.246751    0.806407
    2.251422    0.791560
    2.256093    0.781260
    2.260764    0.770349
    2.265435    0.756702
    2.270106    0.749466
    2.274777    0.741924
    2.279448    0.734552
    2.284119    0.723701
    2.288790    0.721662
    2.293461    0.717816
    2.298132    0.716429
    2.302803    0.712231
    2.307474    0.715869
    2.312145    0.715287
    2.316816    0.722993
    2.321487    0.728830
    2.326158    0.736899
    2.330829    0.747504
    2.335500    0.757997
    2.340171    0.772097
    2.344842    0.792659
    2.349513    0.809844
    2.354184    0.832421
    2.358855    0.854004
    2.363526    0.873552
    2.368197    0.908072
    2.372868    0.936005
    2.377539    0.966517
    2.382210    0.992001
    2.386881    1.023392
    2.391552    1.052375
    2.396223    1.078826
    2.400894    1.112325
    2.405565    1.134471
    2.410236    1.168041
    2.414907    1.186399
    2.419578    1.204129
    2.424249    1.228634
    2.428920    1.253302
    2.433591    1.261368
    2.438262    1.273941
    2.442933    1.281408
    2.447604    1.288237
    2.452275    1.299587
    2.456946    1.299620
    2.461617    1.299487
    2.466288    1.299528
    2.470959    1.298889
    2.475630    1.286632
    2.480301    1.279628
    2.484972    1.267165
    2.489643    1.250354
    2.494314    1.226969
    2.498985    1.209399
    2.503656    1.183470
    2.508327    1.155062
    2.512998    1.130347
    2.517669    1.106666
    2.522340    1.078827
    2.527011    1.052366
    2.531682    1.023662
    2.536353    0.989191
    2.541024    0.957785
    2.545695    0.932284
    2.550366    0.900743
    2.555037    0.866718
    2.559708    0.837435
    2.564379    0.811216
    2.569050    0.780611
    2.573721    0.754457
    2.578392    0.726894
    2.583063    0.702611
    2.587734    0.676773
    2.592405    0.658621
    2.597076    0.637264
    2.601747    0.616517
    2.606418    0.603275
    2.611089    0.589077
    2.615760    0.576393
    2.620431    0.557848
    2.625102    0.549972
    2.629773    0.541464
    2.634444    0.532434
    2.639115    0.524722
    2.643786    0.518873
    2.648457    0.514588
    2.653128    0.509335
    2.657799    0.510802
    2.662470    0.510544
    2.667141    0.508419
    2.671812    0.507381
    2.676483    0.507523
    2.681154    0.511161
    2.685825    0.517524
    2.690496    0.521983
    2.695167    0.525219
    2.699838    0.531694
    2.704509    0.542731
    2.709180    0.548234
    2.713851    0.559810
    2.718522    0.570975
    2.723193    0.585500
    2.727864    0.597888
    2.732535    0.614427
    2.737206    0.628886
    2.741877    0.654794
    2.746548    0.679383
    2.751219    0.700514
    2.755890    0.725814
    2.760561    0.753625
    2.765232    0.783442
    2.769903    0.814803
    2.774574    0.845672
    2.779245    0.881767
    2.783916    0.920207
    2.788587    0.963054
    2.793258    1.004145
    2.797929    1.047197
    2.802600    1.093401
    2.807271    1.139694
    2.811942    1.189622
    2.816613    1.234631
    2.821284    1.280234
    2.825955    1.326600
    2.830626    1.375973
    2.835297    1.426436
    2.839968    1.470878
    2.844639    1.522356
    2.849310    1.571334
    2.853981    1.616796
    2.858652    1.652125
    2.863323    1.701098
    2.867994    1.729891
    2.872665    1.763573
    2.877336    1.798546
    2.882007    1.833358
    2.886678    1.856579
    2.891349    1.869438
    2.896020    1.887200
    2.900691    1.899746
    2.905362    1.902229
    2.910033    1.901338
    2.914704    1.899529
    2.919375    1.897911
    2.924046    1.882708
    2.928717    1.865237
    2.933388    1.844655
    2.938059    1.819668
    2.942730    1.792642
    2.947401    1.754164
    2.952072    1.724592
    2.956743    1.686908
    2.961414    1.645283
    2.966085    1.599381
    2.970756    1.558715
    2.975427    1.511548
    2.980098    1.459990
    2.984769    1.409539
    2.989440    1.367181
    2.994111    1.316007
    2.998782    1.265965
    3.003453    1.216501
    3.008124    1.167419
    3.012795    1.121855
    3.017466    1.074243
    3.022137    1.024649
    3.026808    0.975549
    3.031479    0.934797
    3.036150    0.891450
    3.040821    0.848779
    3.045492    0.807346
    3.050163    0.771061
    3.054834    0.736868
    3.059505    0.703169
    3.064176    0.672792
    3.068847    0.644837
    3.073518    0.618418
    3.078189    0.594388
    3.082860    0.578464
    3.087531    0.561500
    3.092202    0.544548
    3.096873    0.530639
    3.101544    0.519688
    3.106215    0.513392
    3.110886    0.506537
    3.115557    0.502471
    3.120228    0.498995
    3.124899    0.498458
    3.129570    0.499073
    3.134241    0.503766
    3.138912    0.507599
    3.143583    0.516151
    3.148254    0.526861
    3.152925    0.540864
    3.157596    0.553226
    3.162267    0.567526
    3.166938    0.580669
    3.171609    0.597012
    3.176280    0.615027
    3.180951    0.637324
    3.185622    0.662909
    3.190293    0.684425
    3.194964    0.708134
    3.199635    0.733119
    3.204306    0.761162
    3.208977    0.787568
    3.213648    0.811069
    3.218319    0.835267
    3.222990    0.863311
    3.227661    0.887389
    3.232332    0.913809
    3.237003    0.939021
    3.241674    0.964807
    3.246345    0.991295
    3.251016    1.013435
    3.255687    1.037460
    3.260358    1.058747
    3.265029    1.079993
    3.269700    1.099228
    3.274371    1.114812
    3.279042    1.132052
    3.283713    1.148486
    3.288384    1.161151
    3.293055    1.172418
    3.297726    1.176699
    3.302397    1.187414
    3.307068    1.192133
    3.311739    1.187554
    3.316410    1.197041
    3.321081    1.197906
    3.325752    1.194659
    3.330423    1.195221
    3.335094    1.190611
    3.339765    1.187700
    3.344436    1.180411
    3.349107    1.175445
    3.353778    1.162271
    3.358449    1.155135
    3.363120    1.148215
    3.367791    1.136860
    3.372462    1.123963
    3.377133    1.112257
    3.381804    1.104050
    3.386475    1.090061
    3.391146    1.078796
    3.395817    1.066555
    3.400488    1.055379
    3.405159    1.047574
    3.409830    1.034570
    3.414501    1.024797
    3.419172    1.013539
    3.423843    1.001222
    3.428514    0.992461
    3.433185    0.983103
    3.437856    0.973323
    3.442527    0.965329
    3.447198    0.955504
    3.451869    0.949450
    3.456540    0.943927
    3.461211    0.934751
    3.465882    0.933970
    3.470553    0.927466
    3.475224    0.917684
    3.479895    0.914921
    3.484566    0.904345
    3.489237    0.900680
    3.493908    0.893554
    3.498579    0.889224
    3.503250    0.885543
    3.507921    0.879548
    3.512592    0.875250
    3.517263    0.873255
    3.521934    0.870014
    3.526605    0.864923
    3.531276    0.858586
    3.535947    0.856037
    3.540618    0.852130
    3.545289    0.850427
    3.549960    0.848139
    3.554631    0.843357
    3.559302    0.838627
    3.563973    0.840763
    3.568644    0.840076
    3.573315    0.839949
    3.577986    0.837505
    3.582657    0.837802
    3.587328    0.836829
    3.591999    0.835404
    3.596670    0.836087
    3.601341    0.831830
    3.606012    0.832568
    3.610683    0.830443
    3.615354    0.828778
    3.620025    0.828755
    3.624696    0.829439
    3.629367    0.829821
    3.634038    0.830597
    3.638709    0.833304
    3.643380    0.831508
    3.648051    0.831705
    3.652722    0.832148
    3.657393    0.830994
    3.662064    0.832777
    3.666735    0.828486
    3.671406    0.826964
    3.676077    0.824912
    3.680748    0.822733
    3.685419    0.822407
    3.690090    0.819655
    3.694761    0.825000
    3.699432    0.822026
    3.704103    0.823149
    3.708774    0.820763
    3.713445    0.819190
    3.718116    0.820488
    3.722787    0.825347
    3.727458    0.831740
    3.732129    0.834985
    3.736800    0.842168
    3.741471    0.846866
    3.746142    0.852515
    3.750813    0.859830
    3.755484    0.865240
    3.760155    0.872492
    3.764826    0.879931
    3.769497    0.888075
    3.774168    0.899215
    3.778839    0.911588
    3.783510    0.924292
    3.788181    0.934048
    3.792852    0.948728
    3.797523    0.964390
    3.802194    0.979907
    3.806865    0.997126
    3.811536    1.012955
    3.816207    1.031254
    3.820878    1.050183
    3.825549    1.072074
    3.830220    1.095165
    3.834891    1.116180
    3.839562    1.141353
    3.844233    1.165098
    3.848904    1.189561
    3.853575    1.215132
    3.858246    1.241387
    3.862917    1.268801
    3.867588    1.295387
    3.872259    1.322711
    3.876930    1.350295
    3.881601    1.378875
    3.886272    1.404299
    3.890943    1.425126
    3.895614    1.450578
    3.900285    1.470698
    3.904956    1.494300
    3.909627    1.516760
    3.914298    1.534340
    3.918969    1.549443
    3.923640    1.566696
    3.928311    1.579895
    3.932982    1.590978
    3.937653    1.598546
    3.942324    1.600029
    3.946995    1.603817
    3.951666    1.606178
    3.956337    1.607753
    3.961008    1.607506
    3.965679    1.603548
    3.970350    1.593264
    3.975021    1.579307
    3.979692    1.561229
    3.984363    1.543011
    3.989034    1.526586
    3.993705    1.504043
    3.998376    1.480053
    4.003047    1.453825
    4.007718    1.420793
    4.012389    1.389863
    4.017060    1.354476
    4.021731    1.318084
    4.026402    1.283580
    4.031073    1.246538
    4.035744    1.209077
    4.040415    1.173441
    4.045086    1.134486
    4.049757    1.095442
    4.054428    1.052942
    4.059099    1.019031
    4.063770    0.983144
    4.068441    0.948591
    4.073112    0.911369
    4.077783    0.876728
    4.082454    0.848194
    4.087125    0.819067
    4.091796    0.791796
    4.096467    0.767401
    4.101138    0.746115
    4.105809    0.724017
    4.110480    0.704163
    4.115151    0.686203
    4.119822    0.672115
    4.124493    0.660167
    4.129164    0.652805
    4.133835    0.645086
    4.138506    0.643646
    4.143177    0.640497
    4.147848    0.642274
    4.152519    0.644458
    4.157190    0.648182
    4.161861    0.654535
    4.166532    0.660515
    4.171203    0.673101
    4.175874    0.683658
    4.180545    0.698403
    4.185216    0.713853
    4.189887    0.725414
    4.194558    0.740415
    4.199229    0.753896
    4.203900    0.766551
    4.208571    0.785165
    4.213242    0.800547
    4.217913    0.814704
    4.222584    0.830909
    4.227255    0.842856
    4.231926    0.858411
    4.236597    0.866586
    4.241268    0.879166
    4.245939    0.890364
    4.250610    0.898345
    4.255281    0.906579
    4.259952    0.917853
    4.264623    0.919510
    4.269294    0.921445
    4.273965    0.924450
    4.278636    0.925590
    4.283307    0.925802
    4.287978    0.924257
    4.292649    0.923747
    4.297320    0.917801
    4.301991    0.913632
    4.306662    0.908060
    4.311333    0.900238
    4.316004    0.891952
    4.320675    0.878587
    4.325346    0.870169
    4.330017    0.860926
    4.334688    0.852472
    4.339359    0.845740
    4.344030    0.834849
    4.348701    0.825320
    4.353372    0.817005
    4.358043    0.803730
    4.362714    0.796889
    4.367385    0.787915
    4.372056    0.777252
    4.376727    0.768580
    4.381398    0.763378
    4.386069    0.759194
    4.390740    0.751896
    4.395411    0.751151
    4.400082    0.748020
    4.404753    0.746125
    4.409424    0.745127
    4.414095    0.749586
    4.418766    0.751883
    4.423437    0.756077
    4.428108    0.763750
    4.432779    0.769158
    4.437450    0.777382
    4.442121    0.786382
    4.446792    0.796371
    4.451463    0.803594
    4.456134    0.815142
    4.460805    0.824978
    4.465476    0.834092
    4.470147    0.847352
    4.474818    0.858861
    4.479489    0.869838
    4.484160    0.884057
    4.488831    0.893556
    4.493502    0.906389
    4.498173    0.920928
    4.502844    0.931115
    4.507515    0.938633
    4.512186    0.953170
    4.516857    0.963669
    4.521528    0.977563
    4.526199    0.984531
    4.530870    0.994909
    4.535541    1.001692
    4.540212    1.008295
    4.544883    1.017461
    4.549554    1.024057
    4.554225    1.027635
    4.558896    1.036026
    4.563567    1.041177
    4.568238    1.045709
    4.572909    1.047948
    4.577580    1.052128
    4.582251    1.055102
    4.586922    1.056825
    4.591593    1.058906
    4.596264    1.060605
    4.600935    1.064390
    4.605606    1.068358
    4.610277    1.073225
    4.614948    1.073426
    4.619619    1.070683
    4.624290    1.073835
    4.628961    1.077237
    4.633632    1.082701
    4.638303    1.084937
    4.642974    1.089368
    4.647645    1.091561
    4.652316    1.097829
    4.656987    1.104526
    4.661658    1.111438
    4.666329    1.119071
    4.671000    1.126887
