    0.004671    0.000000
    0.009342    0.000000
    0.014013    0.000000
    0.018684    0.000000
    0.023355    0.000000
    0.028026    0.000000
    0.032697    0.000000
    0.037368    0.000000
    0.042039    0.000000
    0.046710    0.000000
    0.051381    0.000000
    0.056052    0.000000
    0.060723    0.000000
    0.065394    0.000000
    0.070065    0.000000
    0.074736    0.000000
    0.079407    0.000000
    0.084078    0.000000
    0.088749    0.000000
    0.093420    0.000000
    0.098091    0.000000
    0.102762    0.000000
    0.107433    0.000000
    0.112104    0.000000
    0.116775    0.000000
    0.121446    0.000000
    0.126117    0.000000
    0.130788    0.000000
    0.135459    0.000000
    0.140130    0.000000
    0.144801    0.000000
    0.149472    0.000000
    0.154143    0.000000
    0.158814    0.000000
    0.163485    0.000000
    0.168156    0.000000
    0.172827    0.000000
    0.177498    0.000000
    0.182169    0.000000
    0.186840    0.000000
    0.191511    0.000000
    0.196182    0.000000
    0.200853    0.000000
    0.205524    0.000000
    0.210195    0.000000
    0.214866    0.000000
    0.219537    0.000000
    0.224208    0.000000
    0.228879    0.000000
    0.233550    0.000000
    0.238221    0.000000
    0.242892    0.000000
    0.247563    0.000000
    0.252234    0.000000
    0.256905    0.000000
    0.261576    0.000000
    0.266247    0.000000
    0.270918    0.000000
    0.275589    0.000000
    0.280260    0.000000
    0.284931    0.000000
    0.289602    0.000000
    0.294273    0.000000
    0.298944    0.000000
    0.303615    0.000000
    0.308286    0.000000
    0.312957    0.000000
    0.317628    0.000000
    0.322299    0.000000
    0.326970    0.000000
    0.331641    0.000000
    0.336312    0.000000
    0.340983    0.000000
    0.345654    0.000000
    0.350325    0.000000
    0.354996    0.000000
    0.359667    0.000000
    0.364338    0.000000
    0.369009    0.000000
    0.373680    0.000000
    0.378351    0.000000
    0.383022    0.000000
    0.387693    0.000000
    0.392364    0.000000
    0.397035    0.000000
    0.401706    0.000000
    0.406377    0.000000
    0.411048    0.000000
    0.415719    0.000000
    0.420390    0.000000
    0.425061    0.000000
    0.429732    0.000000
    0.434403    0.000000
    0.439074    0.000000
    0.443745    0.000000
    0.448416    0.000000
    0.453087    0.000000
    0.457758    0.000000
    0.462429    0.000000
    0.467100    0.000000
    0.471771    0.000000
    0.476442    0.000000
    0.481113    0.000000
    0.485784    0.000000
    0.490455    0.000000
    0.495126    0.000000
    0.499797    0.000000
    0.504468    0.000000
    0.509139    0.000000
    0.513810    0.000000
    0.518481    0.000000
    0.523152    0.000000
    0.527823    0.000000
    0.532494    0.000000
    0.537165    0.000000
    0.541836    0.000000
    0.546507    0.000000
    0.551178    0.000000
    0.555849    0.000000
    0.560520    0.000000
    0.565191    0.000000
    0.569862    0.000000
    0.574533    0.000000
    0.579204    0.000000
    0.583875    0.000000
    0.588546    0.000000
    0.593217    0.000000
    0.597888    0.000000
    0.602559    0.000000
    0.607230    0.000000
    0.611901    0.000000
    0.616572    0.000000
    0.621243    0.000000
    0.625914    0.000000
    0.630585    0.000000
    0.635256    0.000000
    0.639927    0.000000
    0.644598    0.000000
    0.649269    0.000000
    0.653940    0.000000
    0.658611    0.000000
    0.663282    0.000000
    0.667953    0.000000
    0.672624    0.000000
    0.677295    0.000000
    0.681966    0.000000
    0.686637    0.000000
    0.691308    0.000000
    0.695979    0.000000
    0.700650    0.000000
    0.705321    0.000000
    0.709992    0.000000
    0.714663    0.000000
    0.719334    0.000000
    0.724005    0.000000
    0.728676    0.000000
    0.733347    0.000000
    0.738018    0.000000
    0.742689    0.000000
    0.747360    0.000000
    0.752031    0.000000
    0.756702    0.000000
    0.761373    0.000000
    0.766044    0.000000
    0.770715    0.000000
    0.775386    0.000000
    0.780057    0.000000
    0.784728    0.000000
    0.789399    0.000000
    0.794070    0.000000
    0.798741    0.000000
    0.803412    0.000000
    0.808083    0.000000
    0.812754    0.000000
    0.817425    0.000000
    0.822096    0.000000
    0.826767    0.000000
    0.831438    0.000000
    0.836109    0.000000
    0.840780    0.000000
    0.845451    0.000000
    0.850122    0.000000
    0.854793    0.000000
    0.859464    0.000000
    0.864135    0.000000
    0.868806    0.000000
    0.873477    0.000000
    0.878148    0.000000
    0.882819    0.000000
    0.887490    0.000004
    0.892161    0.000012
    0.896832    0.000032
    0.901503    0.000102
    0.906174    0.000206
    0.910845    0.000381
    0.915516    0.000717
    0.920187    0.001279
    0.924858    0.002341
    0.929529    0.004193
    0.934200    0.006901
    0.938871    0.010995
    0.943542    0.016920
    0.948213    0.025207
    0.952884    0.036957
    0.957555    0.052823
    0.962226    0.073893
    0.966897    0.101336
    0.971568    0.136449
    0.976239    0.179687
    0.980910    0.232758
    0.985581    0.297479
    0.990252    0.375037
    0.994923    0.466795
    0.999594    0.573224
    1.004265    0.695439
    1.008936    0.833219
    1.013607    0.988453
    1.018278    1.160051
    1.022949    1.346807
    1.027620    1.547504
    1.032291    1.765318
    1.036962    1.999179
    1.041633    2.246600
    1.046304    2.507165
    1.050975    2.777974
    1.055646    3.059767
    1.060317    3.350402
    1.064988    3.647880
    1.069659    3.951902
    1.074330    4.261735
    1.079001    4.573065
    1.083672    4.884746
    1.088343    5.196168
    1.093014    5.504645
    1.097685    5.811920
    1.102356    6.117908
    1.107027    6.421093
    1.111698    6.717489
    1.116369    7.006601
    1.121040    7.289324
    1.125711    7.563587
    1.130382    7.829529
    1.135053    8.085983
    1.139724    8.332466
    1.144395    8.569853
    1.149066    8.798209
    1.153737    9.016211
    1.158408    9.225808
    1.163079    9.423904
    1.167750    9.612279
    1.172421    9.791547
    1.177092    9.960079
    1.181763   10.117954
    1.186434   10.266574
    1.191105   10.406560
    1.195776   10.537304
    1.200447   10.660127
    1.205118   10.775349
    1.209789   10.881886
    1.214460   10.980368
    1.219131   11.071661
    1.223802   11.156564
    1.228473   11.234780
    1.233144   11.307643
    1.237815   11.375275
    1.242486   11.437604
    1.247157   11.495048
    1.251828   11.546939
    1.256499   11.594411
    1.261170   11.637116
    1.265841   11.676543
    1.270512   11.712739
    1.275183   11.745857
    1.279854   11.776172
    1.284525   11.803489
    1.289196   11.828608
    1.293867   11.851081
    1.298538   11.872077
    1.303209   11.891699
    1.307880   11.909442
    1.312551   11.926007
    1.317222   11.941570
    1.321893   11.956428
    1.326564   11.970438
    1.331235   11.983931
    1.335906   11.996594
    1.340577   12.009331
    1.345248   12.022032
    1.349919   12.034569
    1.354590   12.048077
    1.359261   12.062100
    1.363932   12.076289
    1.368603   12.091430
    1.373274   12.107692
    1.377945   12.124710
    1.382616   12.143029
    1.387287   12.162063
    1.391958   12.183208
    1.396629   12.206230
    1.401300   12.231153
    1.405971   12.258040
    1.410642   12.286589
    1.415313   12.317326
    1.419984   12.350262
    1.424655   12.386257
    1.429326   12.425262
    1.433997   12.467578
    1.438668   12.512980
    1.443339   12.561656
    1.448010   12.614616
    1.452681   12.671224
    1.457352   12.730908
    1.462023   12.794533
    1.466694   12.861889
    1.471365   12.932792
    1.476036   13.007716
    1.480707   13.087099
    1.485378   13.170116
    1.490049   13.257530
    1.494720   13.348773
    1.499391   13.443546
    1.504062   13.542979
    1.508733   13.645270
    1.513404   13.750550
    1.518075   13.859783
    1.522746   13.971209
    1.527417   14.085417
    1.532088   14.200519
    1.536759   14.317467
    1.541430   14.437507
    1.546101   14.559078
    1.550772   14.681686
    1.555443   14.805159
    1.560114   14.930392
    1.564785   15.055533
    1.569456   15.179720
    1.574127   15.303537
    1.578798   15.427132
    1.583469   15.549304
    1.588140   15.670493
    1.592811   15.790764
    1.597482   15.909266
    1.602153   16.026922
    1.606824   16.140873
    1.611495   16.250966
    1.616166   16.357478
    1.620837   16.462080
    1.625508   16.563630
    1.630179   16.662846
    1.634850   16.757763
    1.639521   16.849296
    1.644192   16.937017
    1.648863   17.020873
    1.653534   17.101379
    1.658205   17.178539
    1.662876   17.253007
    1.667547   17.324764
    1.672218   17.393769
    1.676889   17.460542
    1.681560   17.525256
    1.686231   17.588641
    1.690902   17.650212
    1.695573   17.710337
    1.700244   17.771418
    1.704915   17.833268
    1.709586   17.894700
    1.714257   17.958242
    1.718928   18.023705
    1.723599   18.091332
    1.728270   18.162682
    1.732941   18.238207
    1.737612   18.318035
    1.742283   18.403242
    1.746954   18.494943
    1.751625   18.594494
    1.756296   18.701988
    1.760967   18.819507
    1.765638   18.947347
    1.770309   19.086831
    1.774980   19.237793
    1.779651   19.400335
    1.784322   19.577023
    1.788993   19.767383
    1.793664   19.973102
    1.798335   20.192040
    1.803006   20.429322
    1.807677   20.683807
    1.812348   20.954142
    1.817019   21.241162
    1.821690   21.545653
    1.826361   21.867324
    1.831032   22.207829
    1.835703   22.565771
    1.840374   22.941584
    1.845045   23.334099
    1.849716   23.742785
    1.854387   24.167066
    1.859058   24.603146
    1.863729   25.054012
    1.868400   25.519957
    1.873071   25.995696
    1.877742   26.480987
    1.882413   26.974605
    1.887084   27.474853
    1.891755   27.982507
    1.896426   28.496890
    1.901097   29.012592
    1.905768   29.532034
    1.910439   30.054862
    1.915110   30.576345
    1.919781   31.094833
    1.924452   31.608955
    1.929123   32.115744
    1.933794   32.614928
    1.938465   33.105871
    1.943136   33.588346
    1.947807   34.059660
    1.952478   34.520579
    1.957149   34.966764
    1.961820   35.400706
    1.966491   35.819963
    1.971162   36.224339
    1.975833   36.614510
    1.980504   36.989155
    1.985175   37.350191
    1.989846   37.695807
    1.994517   38.027734
    1.999188   38.343607
    2.003859   38.645864
    2.008530   38.934141
    2.013201   39.209393
    2.017872   39.470061
    2.022543   39.718225
    2.027214   39.955293
    2.031885   40.182662
    2.036556   40.399582
    2.041227   40.608097
    2.045898   40.808737
    2.050569   41.003555
    2.055240   41.192415
    2.059911   41.376928
    2.064582   41.559209
    2.069253   41.737280
    2.073924   41.914030
    2.078595   42.090591
    2.083266   42.265551
    2.087937   42.440990
    2.092608   42.618270
    2.097279   42.798926
    2.101950   42.981378
    2.106621   43.167834
    2.111292   43.359097
    2.115963   43.555098
    2.120634   43.754613
    2.125305   43.959049
    2.129976   44.167370
    2.134647   44.381602
    2.139318   44.601891
    2.143989   44.827410
    2.148660   45.059890
    2.153331   45.296331
    2.158002   45.537761
    2.162673   45.782518
    2.167344   46.033126
    2.172015   46.287963
    2.176686   46.545283
    2.181357   46.803889
    2.186028   47.066132
    2.190699   47.330046
    2.195370   47.596346
    2.200041   47.863515
    2.204712   48.129892
    2.209383   48.397414
    2.214054   48.663450
    2.218725   48.927238
    2.223396   49.191509
    2.228067   49.455186
    2.232738   49.717018
    2.237409   49.975556
    2.242080   50.230413
    2.246751   50.483622
    2.251422   50.733203
    2.256093   50.980560
    2.260764   51.225473
    2.265435   51.467042
    2.270106   51.707289
    2.274777   51.946098
    2.279448   52.183507
    2.284119   52.418367
    2.288790   52.653525
    2.293461   52.888386
    2.298132   53.123748
    2.302803   53.358683
    2.307474   53.595778
    2.312145   53.833639
    2.316816   54.075036
    2.321487   54.319363
    2.326158   54.567391
    2.330829   54.820000
    2.335500   55.077182
    2.340171   55.340197
    2.344842   55.611296
    2.349513   55.889377
    2.354184   56.176348
    2.358855   56.471929
    2.363526   56.775474
    2.368197   57.092263
    2.372868   57.420086
    2.377539   57.759929
    2.382210   58.110105
    2.386881   58.472780
    2.391552   58.847187
    2.396223   59.232505
    2.400894   59.631339
    2.405565   60.039697
    2.410236   60.461774
    2.414907   60.892147
    2.419578   61.330644
    2.424249   61.779793
    2.428920   62.239728
    2.433591   62.704404
    2.438262   63.175516
    2.442933   63.651207
    2.447604   64.131262
    2.452275   64.617398
    2.456946   65.105400
    2.461617   65.595209
    2.466288   66.086894
    2.470959   66.580201
    2.475630   67.070701
    2.480301   67.560375
    2.484972   68.047107
    2.489643   68.529189
    2.494314   69.004032
    2.498985   69.473829
    2.503656   69.935275
    2.508327   70.387326
    2.512998   70.831353
    2.517669   71.267696
    2.522340   71.694642
    2.527011   72.112660
    2.531682   72.520781
    2.536353   72.916615
    2.541024   73.301295
    2.545695   73.677110
    2.550366   74.041545
    2.555037   74.393499
    2.559708   74.734807
    2.564379   75.066636
    2.569050   75.387111
    2.573721   75.697976
    2.578392   75.998572
    2.583063   76.290179
    2.587734   76.572080
    2.592405   76.847411
    2.597076   77.114775
    2.601747   77.374365
    2.606418   77.629293
    2.611089   77.879115
    2.615760   78.124432
    2.620431   78.362705
    2.625102   78.598452
    2.629773   78.831380
    2.634444   79.061236
    2.639115   79.288568
    2.643786   79.514162
    2.648457   79.738684
    2.653128   79.961699
    2.657799   80.186144
    2.662470   80.411266
    2.667141   80.636237
    2.671812   80.861537
    2.676483   81.087687
    2.681154   81.316255
    2.685825   81.548475
    2.690496   81.783512
    2.695167   82.020827
    2.699838   82.261901
    2.704509   82.508832
    2.709180   82.759129
    2.713851   83.015593
    2.718522   83.278073
    2.723193   83.548157
    2.727864   83.824901
    2.732535   84.110276
    2.737206   84.403366
    2.741877   84.709572
    2.746548   85.028361
    2.751219   85.358184
    2.755890   85.701081
    2.760561   86.058324
    2.765232   86.430959
    2.769903   86.819821
    2.774574   87.224778
    2.779245   87.648442
    2.783916   88.092062
    2.788587   88.557898
    2.793258   89.045239
    2.797929   89.555175
    2.802600   90.089389
    2.807271   90.648079
    2.811942   91.233186
    2.816613   91.842450
    2.821284   92.476315
    2.825955   93.135313
    2.830626   93.821100
    2.835297   94.534385
    2.839968   95.272319
    2.844639   96.038593
    2.849310   96.832120
    2.853981   97.651285
    2.858652   98.491092
    2.863323   99.358620
    2.867994  100.243714
    2.872665  101.148982
    2.877336  102.075207
    2.882007  103.022428
    2.886678  103.984758
    2.891349  104.956892
    2.896020  105.941435
    2.900691  106.935723
    2.905362  107.934521
    2.910033  108.936062
    2.914704  109.939866
    2.919375  110.946031
    2.924046  111.947334
    2.928717  112.942517
    2.933388  113.929859
    2.938059  114.906933
    2.942730  115.872557
    2.947401  116.820457
    2.952072  117.755333
    2.956743  118.672678
    2.961414  119.570216
    2.966085  120.445467
    2.970756  121.301153
    2.975427  122.133558
    2.980098  122.940096
    2.984769  123.721206
    2.989440  124.481217
    2.994111  125.215067
    2.998782  125.923218
    3.003453  126.605820
    3.008124  127.262921
    3.012795  127.896338
    3.017466  128.504755
    3.022137  129.086882
    3.026808  129.642828
    3.031479  130.177196
    3.036150  130.688356
    3.040821  131.176548
    3.045492  131.642336
    3.050163  132.088556
    3.054834  132.516295
    3.059505  132.925721
    3.064176  133.318658
    3.068847  133.696416
    3.073518  134.059802
    3.078189  134.410129
    3.082860  134.752106
    3.087531  135.085062
    3.092202  135.408943
    3.096873  135.725506
    3.101544  136.036472
    3.106215  136.344596
    3.110886  136.649522
    3.115557  136.952908
    3.120228  137.255100
    3.124899  137.557871
    3.129570  137.861923
    3.134241  138.169751
    3.138912  138.480846
    3.143583  138.798124
    3.148254  139.122949
    3.152925  139.457397
    3.157596  139.800504
    3.162267  140.153522
    3.166938  140.515783
    3.171609  140.889340
    3.176280  141.275303
    3.180951  141.676435
    3.185622  142.094898
    3.190293  142.528210
    3.194964  142.977846
    3.199635  143.444709
    3.204306  143.930846
    3.208977  144.435316
    3.213648  144.956352
    3.218319  145.494495
    3.222990  146.052322
    3.227661  146.627369
    3.232332  147.221252
    3.237003  147.833286
    3.241674  148.463943
    3.246345  149.113782
    3.251016  149.780049
    3.255687  150.464071
    3.260358  151.164133
    3.265029  151.880291
    3.269700  152.611292
    3.274371  153.354775
    3.279042  154.111912
    3.283713  154.882230
    3.288384  155.663260
    3.293055  156.454111
    3.297726  157.250102
    3.302397  158.055619
    3.307068  158.866627
    3.311739  159.676803
    3.316410  160.495756
    3.321081  161.317612
    3.325752  162.139547
    3.330423  162.964181
    3.335094  163.787939
    3.339765  164.611987
    3.344436  165.433270
    3.349107  166.253384
    3.353778  167.066570
    3.358449  167.877016
    3.363120  168.684850
    3.367791  169.486918
    3.372462  170.282088
    3.377133  171.071157
    3.381804  171.856573
    3.386475  172.634180
    3.391146  173.405876
    3.395817  174.170919
    3.400488  174.930029
    3.405159  175.685597
    3.409830  176.433834
    3.414501  177.177035
    3.419172  177.914084
    3.423843  178.644166
    3.428514  179.369836
    3.433185  180.090624
    3.437856  180.806184
    3.442527  181.517797
    3.447198  182.224080
    3.451869  182.927792
    3.456540  183.629304
    3.461211  184.325876
    3.465882  185.023746
    3.470553  185.718625
    3.475224  186.408027
    3.479895  187.097202
    3.484566  187.780241
    3.489237  188.462337
    3.493908  189.140849
    3.498579  189.817880
    3.503250  190.493910
    3.507921  191.167155
    3.512592  191.838895
    3.517263  192.510888
    3.521934  193.182166
    3.526605  193.851288
    3.531276  194.517267
    3.535947  195.183027
    3.540618  195.847501
    3.545289  196.512398
    3.549960  197.177254
    3.554631  197.840102
    3.559302  198.500967
    3.563973  199.165254
    3.568644  199.830740
    3.573315  200.497868
    3.577986  201.164796
    3.582657  201.833703
    3.587328  202.503577
    3.591999  203.174053
    3.596670  203.846823
    3.601341  204.517907
    3.606012  205.191330
    3.610683  205.864775
    3.615354  206.538611
    3.620025  207.214169
    3.624696  207.892032
    3.629367  208.571955
    3.634038  209.254268
    3.638709  209.940565
    3.643380  210.627142
    3.648051  211.315643
    3.652722  212.006277
    3.657393  212.697718
    3.662064  213.392414
    3.666735  214.085294
    3.671406  214.778664
    3.676077  215.472075
    3.680748  216.165413
    3.685419  216.860236
    3.690090  217.554491
    3.694761  218.255043
    3.699432  218.954836
    3.704103  219.657355
    3.708774  220.359607
    3.713445  221.062278
    3.718116  221.767835
    3.722787  222.479355
    3.727458  223.198186
    3.732129  223.921632
    3.736800  224.653128
    3.741471  225.390545
    3.746142  226.134736
    3.750813  226.887186
    3.755484  227.646257
    3.760155  228.413595
    3.764826  229.189399
    3.769497  229.974329
    3.774168  230.771075
    3.778839  231.580784
    3.783510  232.403809
    3.788181  233.237576
    3.792852  234.086536
    3.797523  234.951639
    3.802194  235.832825
    3.806865  236.731699
    3.811536  237.647085
    3.816207  238.581293
    3.820878  239.534979
    3.825549  240.510926
    3.830220  241.510329
    3.834891  242.531396
    3.839562  243.578035
    3.844233  244.649051
    3.848904  245.745213
    3.853575  246.867657
    3.858246  248.017135
    3.862917  249.194845
    3.867588  250.400141
    3.872259  251.633835
    3.876930  252.896298
    3.881601  254.188589
    3.886272  255.507878
    3.890943  256.849953
    3.895614  258.219279
    3.900285  259.610929
    3.904956  261.028301
    3.909627  262.470421
    3.914298  263.932745
    3.918969  265.412988
    3.923640  266.913284
    3.928311  268.429824
    3.932982  269.960636
    3.937653  271.502387
    3.942324  273.049230
    3.946995  274.603412
    3.951666  276.163568
    3.956337  277.728948
    3.961008  279.297785
    3.965679  280.866453
    3.970350  282.428735
    3.975021  283.980976
    3.979692  285.519058
    3.984363  287.042763
    3.989034  288.553785
    3.993705  290.045982
    3.998376  291.517814
    4.003047  292.966944
    4.007718  294.386456
    4.012389  295.778305
    4.017060  297.137876
    4.021731  298.463997
    4.026402  299.758404
    4.031073  301.018375
    4.035744  302.243316
    4.040415  303.434906
    4.045086  304.589605
    4.049757  305.707141
    4.054428  306.783798
    4.059099  307.828183
    4.063770  308.838108
    4.068441  309.814780
    4.073112  310.755284
    4.077783  311.662116
    4.082454  312.541445
    4.087125  313.392523
    4.091796  314.217146
    4.096467  315.018188
    4.101138  315.798787
    4.105809  316.557994
    4.110480  317.298063
    4.115151  318.020896
    4.119822  318.730498
    4.124493  319.429066
    4.129164  320.121409
    4.133835  320.807115
    4.138506  321.492836
    4.143177  322.176745
    4.147848  322.864098
    4.152519  323.555342
    4.157190  324.252146
    4.161861  324.957362
    4.166532  325.670618
    4.171203  326.399097
    4.175874  327.140658
    4.180545  327.899910
    4.185216  328.677693
    4.189887  329.469837
    4.194558  330.280166
    4.199229  331.107088
    4.203900  331.949762
    4.208571  332.814818
    4.213242  333.698780
    4.217913  334.600369
    4.222584  335.521930
    4.227255  336.458811
    4.231926  337.415091
    4.236597  338.382611
    4.241268  339.366342
    4.245939  340.364798
    4.250610  341.374421
    4.255281  342.395540
    4.259952  343.431628
    4.264623  344.471863
    4.269294  345.516573
    4.273965  346.566983
    4.278636  347.620990
    4.283307  348.677542
    4.287978  349.734631
    4.292649  350.793440
    4.297320  351.847724
    4.301991  352.899503
    4.306662  353.947138
    4.311333  354.988002
    4.316004  356.021523
    4.320675  357.041762
    4.325346  358.054412
    4.330017  359.058469
    4.334688  360.054814
    4.339359  361.045423
    4.344030  362.025380
    4.348701  362.996237
    4.353372  363.959379
    4.358043  364.908906
    4.362714  365.852370
    4.367385  366.787208
    4.372056  367.711368
    4.376727  368.627170
    4.381398  369.538717
    4.386069  370.447202
    4.390740  371.348870
    4.395411  372.251563
    4.400082  373.152405
    4.404753  374.052873
    4.409424  374.954045
    4.414095  375.862533
    4.418766  376.775733
    4.423437  377.695970
    4.428108  378.627510
    4.432779  379.567627
    4.437450  380.519798
    4.442121  381.485022
    4.446792  382.464564
    4.451463  383.455067
    4.456134  384.461914
    4.460805  385.483048
    4.465476  386.517626
    4.470147  387.570851
    4.474818  388.640614
    4.479489  389.726312
    4.484160  390.832061
    4.488831  391.952020
    4.493502  393.090429
    4.498173  394.249505
    4.502844  395.423837
    4.507515  396.610108
    4.512186  397.817249
    4.516857  399.040216
    4.521528  400.283382
    4.526199  401.537997
    4.530870  402.808455
    4.535541  404.090213
    4.540212  405.383080
    4.544883  406.690385
    4.549554  408.008872
    4.554225  409.334684
    4.558896  410.674064
    4.563567  412.022863
    4.568238  413.380308
    4.572909  414.743443
    4.577580  416.114812
    4.582251  417.492865
    4.586922  418.875985
    4.591593  420.264653
    4.596264  421.658379
    4.600935  423.059922
    4.605606  424.469549
    4.610277  425.888472
    4.614948  427.310537
    4.619619  428.731842
    4.624290  430.160215
    4.628961  431.596009
    4.633632  433.042000
    4.638303  434.493899
    4.642974  435.954666
    4.647645  437.421321
    4.652316  438.899364
    4.656987  440.389411
    4.661658  441.891792
    4.666329  443.407524
    4.671000  444.936899
