    0.004671    0.000000
    0.009342    0.000000
    0.014013    0.000000
    0.018684    0.000000
    0.023355    0.000000
    0.028026    0.000000
    0.032697    0.000000
    0.037368    0.000000
    0.042039    0.000000
    0.046710    0.000000
    0.051381    0.000000
    0.056052    0.000000
    0.060723    0.000000
    0.065394    0.000000
    0.070065    0.000000
    0.074736    0.000000
    0.079407    0.000000
    0.084078    0.000000
    0.088749    0.000000
    0.093420    0.000000
    0.098091    0.000000
    0.102762    0.000000
    0.107433    0.000000
    0.112104    0.000000
    0.116775    0.000000
    0.121446    0.000000
    0.126117    0.000000
    0.130788    0.000000
    0.135459    0.000000
    0.140130    0.000000
    0.144801    0.000000
    0.149472    0.000000
    0.154143    0.000000
    0.158814    0.000000
    0.163485    0.000000
    0.168156    0.000000
    0.172827    0.000000
    0.177498    0.000000
    0.182169    0.000000
    0.186840    0.000000
    0.191511    0.000000
    0.196182    0.000000
    0.200853    0.000000
    0.205524    0.000000
    0.210195    0.000000
    0.214866    0.000000
    0.219537    0.000000
    0.224208    0.000000
    0.228879    0.000000
    0.233550    0.000000
    0.238221    0.000000
    0.242892    0.000000
    0.247563    0.000000
    0.252234    0.000000
    0.256905    0.000000
    0.261576    0.000000
    0.266247    0.000000
    0.270918    0.000000
    0.275589    0.000000
    0.280260    0.000000
    0.284931    0.000000
    0.289602    0.000000
    0.294273    0.000000
    0.298944    0.000000
    0.303615    0.000000
    0.308286    0.000000
    0.312957    0.000000
    0.317628    0.000000
    0.322299    0.000000
    0.326970    0.000000
    0.331641    0.000000
    0.336312    0.000000
    0.340983    0.000000
    0.345654    0.000000
    0.350325    0.000000
    0.354996    0.000000
    0.359667    0.000000
    0.364338    0.000000
    0.369009    0.000000
    0.373680    0.000000
    0.378351    0.000000
    0.383022    0.000000
    0.387693    0.000000
    0.392364    0.000000
    0.397035    0.000000
    0.401706    0.000000
    0.406377    0.000000
    0.411048    0.000000
    0.415719    0.000000
    0.420390    0.000000
    0.425061    0.000000
    0.429732    0.000000
    0.434403    0.000000
    0.439074    0.000000
    0.443745    0.000000
    0.448416    0.000000
    0.453087    0.000000
    0.457758    0.000000
    0.462429    0.000000
    0.467100    0.000000
    0.471771    0.000000
    0.476442    0.000000
    0.481113    0.000000
    0.485784    0.000000
    0.490455    0.000000
    0.495126    0.000000
    0.499797    0.000000
    0.504468    0.000000
    0.509139    0.000000
    0.513810    0.000000
    0.518481    0.000000
    0.523152    0.000000
    0.527823    0.000000
    0.532494    0.000000
    0.537165    0.000000
    0.541836    0.000000
    0.546507    0.000000
    0.551178    0.000000
    0.555849    0.000000
    0.560520    0.000000
    0.565191    0.000000
    0.569862    0.000000
    0.574533    0.000000
    0.579204    0.000000
    0.583875    0.000000
    0.588546    0.000000
    0.593217    0.000000
    0.597888    0.000000
    0.602559    0.000000
    0.607230    0.000000
    0.611901    0.000000
    0.616572    0.000000
    0.621243    0.000000
    0.625914    0.000000
    0.630585    0.000000
    0.635256    0.000000
    0.639927    0.000000
    0.644598    0.000000
    0.649269    0.000000
    0.653940    0.000000
    0.658611    0.000000
    0.663282    0.000000
    0.667953    0.000000
    0.672624    0.000000
    0.677295    0.000000
    0.681966    0.000000
    0.686637    0.000000
    0.691308    0.000000
    0.695979    0.000000
    0.700650    0.000000
    0.705321    0.000000
    0.709992    0.000000
    0.714663    0.000000
    0.719334    0.000000
    0.724005    0.000000
    0.728676    0.000000
    0.733347    0.000000
    0.738018    0.000000
    0.742689    0.000000
    0.747360    0.000000
    0.752031    0.000000
    0.756702    0.000000
    0.761373    0.000000
    0.766044    0.000000
    0.770715    0.000000
    0.775386    0.000000
    0.780057    0.000000
    0.784728    0.000000
    0.789399    0.000000
    0.794070    0.000000
    0.798741    0.000000
    0.803412    0.000000
    0.808083    0.000000
    0.812754    0.000000
    0.817425    0.000000
    0.822096    0.000000
    0.826767    0.000000
    0.831438    0.000000
    0.836109    0.000000
    0.840780    0.000000
    0.845451    0.000000
    0.850122    0.000000
    0.854793    0.000000
    0.859464    0.000000
    0.864135    0.000000
    0.868806    0.000000
    0.873477    0.000000
    0.878148    0.000240
    0.882819    0.000416
    0.887490    0.001015
    0.892161    0.003256
    0.896832    0.005804
    0.901503    0.009026
    0.906174    0.014830
    0.910845    0.026389
    0.915516    0.038565
    0.920187    0.056552
    0.924858    0.082461
    0.929529    0.115664
    0.934200    0.157901
    0.938871    0.215557
    0.943542    0.287676
    0.948213    0.374722
    0.952884    0.473002
    0.957555    0.584580
    0.962226    0.709360
    0.966897    0.841541
    0.971568    1.007365
    0.976239    1.183507
    0.980910    1.355411
    0.985581    1.548685
    0.990252    1.754262
    0.994923    1.935799
    0.999594    2.120429
    1.004265    2.318655
    1.008936    2.512462
    1.013607    2.687455
    1.018278    2.876748
    1.022949    3.034651
    1.027620    3.178857
    1.032291    3.318972
    1.036962    3.449938
    1.041633    3.554123
    1.046304    3.609651
    1.050975    3.654708
    1.055646    3.715585
    1.060317    3.760201
    1.064988    3.806761
    1.069659    3.807771
    1.074330    3.774540
    1.079001    3.763799
    1.083672    3.742339
    1.088343    3.697730
    1.093014    3.641918
    1.097685    3.579461
    1.102356    3.509080
    1.107027    3.441599
    1.111698    3.342256
    1.116369    3.261991
    1.121040    3.143464
    1.125711    3.038297
    1.130382    2.944556
    1.135053    2.854464
    1.139724    2.736448
    1.144395    2.631393
    1.149066    2.524638
    1.153737    2.412005
    1.158408    2.312112
    1.163079    2.198333
    1.167750    2.086091
    1.172421    1.996676
    1.177092    1.894252
    1.181763    1.798761
    1.186434    1.685601
    1.191105    1.585779
    1.195776    1.500419
    1.200447    1.415637
    1.205118    1.347092
    1.209789    1.259475
    1.214460    1.176519
    1.219131    1.104336
    1.223802    1.040226
    1.228473    0.970459
    1.233144    0.905823
    1.237815    0.853673
    1.242486    0.791621
    1.247157    0.740252
    1.251828    0.687269
    1.256499    0.631813
    1.261170    0.592707
    1.265841    0.548063
    1.270512    0.508918
    1.275183    0.473533
    1.279854    0.438887
    1.284525    0.406697
    1.289196    0.382325
    1.293867    0.361277
    1.298538    0.334216
    1.303209    0.312809
    1.307880    0.296956
    1.312551    0.278140
    1.317222    0.259551
    1.321893    0.250349
    1.326564    0.243647
    1.331235    0.237616
    1.335906    0.230496
    1.340577    0.218473
    1.345248    0.215961
    1.349919    0.214622
    1.354590    0.210131
    1.359261    0.210064
    1.363932    0.212461
    1.368603    0.213636
    1.373274    0.217119
    1.377945    0.227773
    1.382616    0.233308
    1.387287    0.241503
    1.391958    0.244815
    1.396629    0.257781
    1.401300    0.270031
    1.405971    0.287539
    1.410642    0.299287
    1.415313    0.308472
    1.419984    0.323311
    1.424655    0.346453
    1.429326    0.362114
    1.433997    0.379158
    1.438668    0.393939
    1.443339    0.414320
    1.448010    0.426683
    1.452681    0.444711
    1.457352    0.460843
    1.462023    0.484917
    1.466694    0.494006
    1.471365    0.518348
    1.476036    0.533640
    1.480707    0.555342
    1.485378    0.570109
    1.490049    0.583096
    1.494720    0.600953
    1.499391    0.614776
    1.504062    0.626413
    1.508733    0.645043
    1.513404    0.655857
    1.518075    0.673571
    1.522746    0.680289
    1.527417    0.680175
    1.532088    0.684610
    1.536759    0.700710
    1.541430    0.711582
    1.546101    0.713386
    1.550772    0.714862
    1.555443    0.719978
    1.560114    0.714513
    1.564785    0.710091
    1.569456    0.706552
    1.574127    0.701508
    1.578798    0.700428
    1.583469    0.693119
    1.588140    0.685640
    1.592811    0.669670
    1.597482    0.663522
    1.602153    0.655516
    1.606824    0.646994
    1.611495    0.633045
    1.616166    0.628134
    1.620837    0.612210
    1.625508    0.601844
    1.630179    0.590207
    1.634850    0.576557
    1.639521    0.558927
    1.644192    0.552549
    1.648863    0.533244
    1.653534    0.521003
    1.658205    0.510958
    1.662876    0.504777
    1.667547    0.496659
    1.672218    0.489473
    1.676889    0.481362
    1.681560    0.476601
    1.686231    0.480377
    1.690902    0.471597
    1.695573    0.477434
    1.700244    0.484087
    1.704915    0.491762
    1.709586    0.507307
    1.714257    0.518459
    1.718928    0.531297
    1.723599    0.549225
    1.728270    0.570276
    1.732941    0.594063
    1.737612    0.623317
    1.742283    0.650382
    1.746954    0.681438
    1.751625    0.720397
    1.756296    0.759266
    1.760967    0.797126
    1.765638    0.840029
    1.770309    0.880101
    1.774980    0.927668
    1.779651    0.982462
    1.784322    1.035164
    1.788993    1.087327
    1.793664    1.138937
    1.798335    1.201934
    1.803006    1.256302
    1.807677    1.318798
    1.812348    1.372879
    1.817019    1.428882
    1.821690    1.486061
    1.826361    1.540542
    1.831032    1.591686
    1.835703    1.631647
    1.840374    1.684217
    1.845045    1.729651
    1.849716    1.771586
    1.854387    1.806476
    1.859058    1.851372
    1.863729    1.877199
    1.868400    1.904149
    1.873071    1.931067
    1.877742    1.965903
    1.882413    1.983063
    1.887084    1.985011
    1.891755    1.994910
    1.896426    2.000405
    1.901097    2.005880
    1.905768    2.003748
    1.910439    1.988208
    1.915110    1.974518
    1.919781    1.964613
    1.924452    1.933863
    1.929123    1.920851
    1.933794    1.893859
    1.938465    1.857507
    1.943136    1.827823
    1.947807    1.781528
    1.952478    1.747837
    1.957149    1.711328
    1.961820    1.664678
    1.966491    1.619951
    1.971162    1.573240
    1.975833    1.528049
    1.980504    1.476115
    1.985175    1.433738
    1.989846    1.382016
    1.994517    1.334003
    1.999188    1.300245
    2.003859    1.259579
    2.008530    1.218240
    2.013201    1.175871
    2.017872    1.137459
    2.022543    1.096916
    2.027214    1.057430
    2.031885    1.026200
    2.036556    0.995062
    2.041227    0.962543
    2.045898    0.932364
    2.050569    0.913950
    2.055240    0.892389
    2.059911    0.876412
    2.064582    0.859944
    2.069253    0.845025
    2.073924    0.835839
    2.078595    0.824907
    2.083266    0.820442
    2.087937    0.817049
    2.092608    0.801348
    2.097279    0.791678
    2.101950    0.789061
    2.106621    0.787952
    2.111292    0.784852
    2.115963    0.787931
    2.120634    0.794296
    2.125305    0.797975
    2.129976    0.795852
    2.134647    0.804567
    2.139318    0.811327
    2.143989    0.808766
    2.148660    0.816138
    2.153331    0.818354
    2.158002    0.819719
    2.162673    0.832250
    2.167344    0.831647
    2.172015    0.833145
    2.176686    0.831831
    2.181357    0.830476
    2.186028    0.832722
    2.190699    0.831987
    2.195370    0.829826
    2.200041    0.830501
    2.204712    0.828807
    2.209383    0.829841
    2.214054    0.826909
    2.218725    0.822310
    2.223396    0.814125
    2.228067    0.816966
    2.232738    0.810219
    2.237409    0.806350
    2.242080    0.801206
    2.246751    0.794195
    2.251422    0.789520
    2.256093    0.789236
    2.260764    0.782107
    2.265435    0.780653
    2.270106    0.779079
    2.274777    0.775859
    2.279448    0.776794
    2.284119    0.779393
    2.288790    0.780944
    2.293461    0.783759
    2.298132    0.782439
    2.302803    0.785960
    2.307474    0.788240
    2.312145    0.796733
    2.316816    0.803637
    2.321487    0.810589
    2.326158    0.814485
    2.330829    0.829141
    2.335500    0.840067
    2.340171    0.854297
    2.344842    0.870900
    2.349513    0.886470
    2.354184    0.902503
    2.358855    0.911851
    2.363526    0.930242
    2.368197    0.942330
    2.372868    0.960520
    2.377539    0.977038
    2.382210    0.999389
    2.386881    1.019090
    2.391552    1.031125
    2.396223    1.049542
    2.400894    1.066018
    2.405565    1.077030
    2.410236    1.090263
    2.414907    1.103427
    2.419578    1.116549
    2.424249    1.131445
    2.428920    1.138066
    2.433591    1.145890
    2.438262    1.152007
    2.442933    1.160547
    2.447604    1.161190
    2.452275    1.164738
    2.456946    1.166323
    2.461617    1.167157
    2.466288    1.166288
    2.470959    1.163881
    2.475630    1.150128
    2.480301    1.143372
    2.484972    1.137147
    2.489643    1.132860
    2.494314    1.115151
    2.498985    1.107049
    2.503656    1.091333
    2.508327    1.072476
    2.512998    1.055766
    2.517669    1.036379
    2.522340    1.017037
    2.527011    1.002952
    2.531682    0.982319
    2.536353    0.957957
    2.541024    0.934968
    2.545695    0.914556
    2.550366    0.895795
    2.555037    0.877151
    2.559708    0.854294
    2.564379    0.833323
    2.569050    0.816195
    2.573721    0.798883
    2.578392    0.778187
    2.583063    0.760716
    2.587734    0.739295
    2.592405    0.725511
    2.597076    0.708545
    2.601747    0.689509
    2.606418    0.676383
    2.611089    0.662039
    2.615760    0.648988
    2.620431    0.641659
    2.625102    0.630459
    2.629773    0.620980
    2.634444    0.608121
    2.639115    0.601223
    2.643786    0.595040
    2.648457    0.590194
    2.653128    0.584153
    2.657799    0.580101
    2.662470    0.581768
    2.667141    0.580517
    2.671812    0.581591
    2.676483    0.585301
    2.681154    0.590406
    2.685825    0.596350
    2.690496    0.605277
    2.695167    0.612652
    2.699838    0.618286
    2.704509    0.629104
    2.709180    0.642716
    2.713851    0.652536
    2.718522    0.665353
    2.723193    0.676007
    2.727864    0.694728
    2.732535    0.717747
    2.737206    0.739738
    2.741877    0.757460
    2.746548    0.776599
    2.751219    0.803889
    2.755890    0.831804
    2.760561    0.857701
    2.765232    0.883964
    2.769903    0.913446
    2.774574    0.945651
    2.779245    0.979049
    2.783916    1.011311
    2.788587    1.045062
    2.793258    1.075602
    2.797929    1.112292
    2.802600    1.148782
    2.807271    1.185351
    2.811942    1.219317
    2.816613    1.254270
    2.821284    1.292731
    2.825955    1.325996
    2.830626    1.358504
    2.835297    1.392041
    2.839968    1.429372
    2.844639    1.462143
    2.849310    1.487231
    2.853981    1.514233
    2.858652    1.542793
    2.863323    1.562492
    2.867994    1.591782
    2.872665    1.615581
    2.877336    1.630161
    2.882007    1.646195
    2.886678    1.655702
    2.891349    1.668561
    2.896020    1.676648
    2.900691    1.687972
    2.905362    1.685427
    2.910033    1.683524
    2.914704    1.680645
    2.919375    1.673366
    2.924046    1.661469
    2.928717    1.648851
    2.933388    1.637732
    2.938059    1.620134
    2.942730    1.602971
    2.947401    1.586585
    2.952072    1.561676
    2.956743    1.539216
    2.961414    1.509061
    2.966085    1.480427
    2.970756    1.452152
    2.975427    1.416893
    2.980098    1.385359
    2.984769    1.351343
    2.989440    1.312389
    2.994111    1.282082
    2.998782    1.246545
    3.003453    1.218178
    3.008124    1.178363
    3.012795    1.137939
    3.017466    1.103469
    3.022137    1.069368
    3.026808    1.030625
    3.031479    0.992616
    3.036150    0.959506
    3.040821    0.927324
    3.045492    0.898144
    3.050163    0.871105
    3.054834    0.839266
    3.059505    0.811057
    3.064176    0.786383
    3.068847    0.762102
    3.073518    0.741735
    3.078189    0.720840
    3.082860    0.703225
    3.087531    0.684917
    3.092202    0.671922
    3.096873    0.662625
    3.101544    0.649613
    3.106215    0.639681
    3.110886    0.632671
    3.115557    0.629443
    3.120228    0.624347
    3.124899    0.623700
    3.129570    0.619051
    3.134241    0.620961
    3.138912    0.628304
    3.143583    0.630715
    3.148254    0.636356
    3.152925    0.642362
    3.157596    0.648219
    3.162267    0.654795
    3.166938    0.665277
    3.171609    0.680423
    3.176280    0.692968
    3.180951    0.709955
    3.185622    0.722553
    3.190293    0.742265
    3.194964    0.758497
    3.199635    0.779122
    3.204306    0.791953
    3.208977    0.810918
    3.213648    0.831479
    3.218319    0.846756
    3.222990    0.863040
    3.227661    0.881114
    3.232332    0.901234
    3.237003    0.916886
    3.241674    0.935393
    3.246345    0.948796
    3.251016    0.962852
    3.255687    0.980272
    3.260358    1.000418
    3.265029    1.012933
    3.269700    1.030965
    3.274371    1.044596
    3.279042    1.054201
    3.283713    1.064355
    3.288384    1.075959
    3.293055    1.082006
    3.297726    1.088853
    3.302397    1.094002
    3.307068    1.100751
    3.311739    1.106252
    3.316410    1.106742
    3.321081    1.113119
    3.325752    1.117785
    3.330423    1.113902
    3.335094    1.116128
    3.339765    1.117745
    3.344436    1.118513
    3.349107    1.118050
    3.353778    1.114538
    3.358449    1.106372
    3.363120    1.099480
    3.367791    1.093376
    3.372462    1.091031
    3.377133    1.086799
    3.381804    1.078677
    3.386475    1.074088
    3.391146    1.066304
    3.395817    1.058372
    3.400488    1.052419
    3.405159    1.044259
    3.409830    1.037338
    3.414501    1.022882
    3.419172    1.019215
    3.423843    1.008951
    3.428514    1.003165
    3.433185    0.992674
    3.437856    0.988591
    3.442527    0.980180
    3.447198    0.973231
    3.451869    0.965094
    3.456540    0.959561
    3.461211    0.955078
    3.465882    0.942705
    3.470553    0.941121
    3.475224    0.933797
    3.479895    0.927513
    3.484566    0.921289
    3.489237    0.911176
    3.493908    0.904919
    3.498579    0.899940
    3.503250    0.893271
    3.507921    0.890002
    3.512592    0.886005
    3.517263    0.879423
    3.521934    0.875958
    3.526605    0.875180
    3.531276    0.872842
    3.535947    0.870240
    3.540618    0.868946
    3.545289    0.867459
    3.549960    0.862900
    3.554631    0.859512
    3.559302    0.857825
    3.563973    0.856809
    3.568644    0.853230
    3.573315    0.851687
    3.577986    0.848147
    3.582657    0.845910
    3.587328    0.845287
    3.591999    0.840503
    3.596670    0.842962
    3.601341    0.843030
    3.606012    0.841793
    3.610683    0.841448
    3.615354    0.843343
    3.620025    0.840902
    3.624696    0.839154
    3.629367    0.842012
    3.634038    0.837129
    3.638709    0.837676
    3.643380    0.837397
    3.648051    0.837243
    3.652722    0.838296
    3.657393    0.837378
    3.662064    0.841666
    3.666735    0.836867
    3.671406    0.838990
    3.676077    0.839927
    3.680748    0.840089
    3.685419    0.842484
    3.690090    0.845221
    3.694761    0.848371
    3.699432    0.850494
    3.704103    0.851585
    3.708774    0.852393
    3.713445    0.855372
    3.718116    0.860708
    3.722787    0.865456
    3.727458    0.872629
    3.732129    0.876901
    3.736800    0.885275
    3.741471    0.893726
    3.746142    0.899341
    3.750813    0.906309
    3.755484    0.915218
    3.760155    0.921552
    3.764826    0.934556
    3.769497    0.946375
    3.774168    0.955461
    3.778839    0.966816
    3.783510    0.981205
    3.788181    0.989111
    3.792852    1.001017
    3.797523    1.016863
    3.802194    1.033225
    3.806865    1.046122
    3.811536    1.061395
    3.816207    1.079612
    3.820878    1.098458
    3.825549    1.113833
    3.830220    1.132198
    3.834891    1.151793
    3.839562    1.170706
    3.844233    1.192127
    3.848904    1.212678
    3.853575    1.229858
    3.858246    1.245858
    3.862917    1.265349
    3.867588    1.286429
    3.872259    1.299383
    3.876930    1.325563
    3.881601    1.340110
    3.886272    1.355754
    3.890943    1.372353
    3.895614    1.387492
    3.900285    1.404277
    3.904956    1.414610
    3.909627    1.424763
    3.914298    1.437840
    3.918969    1.449474
    3.923640    1.456561
    3.928311    1.463970
    3.932982    1.469240
    3.937653    1.472456
    3.942324    1.474821
    3.946995    1.472667
    3.951666    1.470065
    3.956337    1.471949
    3.961008    1.462445
    3.965679    1.456398
    3.970350    1.447404
    3.975021    1.437363
    3.979692    1.429270
    3.984363    1.413151
    3.989034    1.393902
    3.993705    1.372583
    3.998376    1.356648
    4.003047    1.337711
    4.007718    1.317102
    4.012389    1.300028
    4.017060    1.275031
    4.021731    1.248418
    4.026402    1.227927
    4.031073    1.202915
    4.035744    1.175308
    4.040415    1.153839
    4.045086    1.128308
    4.049757    1.101920
    4.054428    1.073467
    4.059099    1.046340
    4.063770    1.019504
    4.068441    0.993588
    4.073112    0.971010
    4.077783    0.949205
    4.082454    0.928123
    4.087125    0.905203
    4.091796    0.885386
    4.096467    0.864784
    4.101138    0.845789
    4.105809    0.830789
    4.110480    0.815243
    4.115151    0.804575
    4.119822    0.793207
    4.124493    0.782640
    4.129164    0.774108
    4.133835    0.763696
    4.138506    0.758257
    4.143177    0.753684
    4.147848    0.748709
    4.152519    0.743981
    4.157190    0.747543
    4.161861    0.745184
    4.166532    0.747725
    4.171203    0.748433
    4.175874    0.750996
    4.180545    0.757385
    4.185216    0.761323
    4.189887    0.767001
    4.194558    0.770856
    4.199229    0.779928
    4.203900    0.786006
    4.208571    0.791601
    4.213242    0.799422
    4.217913    0.806162
    4.222584    0.813085
    4.227255    0.819703
    4.231926    0.823165
    4.236597    0.830430
    4.241268    0.835944
    4.245939    0.840156
    4.250610    0.846123
    4.255281    0.850961
    4.259952    0.855158
    4.264623    0.857175
    4.269294    0.865139
    4.273965    0.865637
    4.278636    0.867464
    4.283307    0.870055
    4.287978    0.868858
    4.292649    0.868634
    4.297320    0.867421
    4.301991    0.865386
    4.306662    0.862744
    4.311333    0.861335
    4.316004    0.855796
    4.320675    0.854112
    4.325346    0.849733
    4.330017    0.844134
    4.334688    0.839763
    4.339359    0.837120
    4.344030    0.831637
    4.348701    0.828923
    4.353372    0.825617
    4.358043    0.818111
    4.362714    0.813667
    4.367385    0.812691
    4.372056    0.808868
    4.376727    0.805727
    4.381398    0.804516
    4.386069    0.800235
    4.390740    0.800872
    4.395411    0.801041
    4.400082    0.801274
    4.404753    0.800984
    4.409424    0.804024
    4.414095    0.804921
    4.418766    0.805106
    4.423437    0.810779
    4.428108    0.814206
    4.432779    0.818312
    4.437450    0.823852
    4.442121    0.828290
    4.446792    0.831684
    4.451463    0.837353
    4.456134    0.844945
    4.460805    0.851031
    4.465476    0.859595
    4.470147    0.866411
    4.474818    0.874012
    4.479489    0.883957
    4.484160    0.891974
    4.488831    0.903471
    4.493502    0.911471
    4.498173    0.917744
    4.502844    0.926065
    4.507515    0.934721
    4.512186    0.942857
    4.516857    0.952900
    4.521528    0.964209
    4.526199    0.971436
    4.530870    0.978401
    4.535541    0.984626
    4.540212    0.989562
    4.544883    0.996782
    4.549554    1.002409
    4.554225    1.009816
    4.558896    1.016336
    4.563567    1.022157
    4.568238    1.026752
    4.572909    1.034462
    4.577580    1.038949
    4.582251    1.045994
    4.586922    1.051635
    4.591593    1.056130
    4.596264    1.057356
    4.600935    1.061566
    4.605606    1.067538
    4.610277    1.071755
    4.614948    1.076371
    4.619619    1.082991
    4.624290    1.086645
    4.628961    1.093933
    4.633632    1.099622
    4.638303    1.103857
    4.642974    1.109327
    4.647645    1.116053
    4.652316    1.122205
    4.656987    1.128254
    4.661658    1.134276
    4.666329    1.140272
    4.671000    1.146034
