    0.004671    0.000000
    0.009342    0.000000
    0.014013    0.000000
    0.018684    0.000000
    0.023355    0.000000
    0.028026    0.000000
    0.032697    0.000000
    0.037368    0.000000
    0.042039    0.000000
    0.046710    0.000000
    0.051381    0.000000
    0.056052    0.000000
    0.060723    0.000000
    0.065394    0.000000
    0.070065    0.000000
    0.074736    0.000000
    0.079407    0.000000
    0.084078    0.000000
    0.088749    0.000000
    0.093420    0.000000
    0.098091    0.000000
    0.102762    0.000000
    0.107433    0.000000
    0.112104    0.000000
    0.116775    0.000000
    0.121446    0.000000
    0.126117    0.000000
    0.130788    0.000000
    0.135459    0.000000
    0.140130    0.000000
    0.144801    0.000000
    0.149472    0.000000
    0.154143    0.000000
    0.158814    0.000000
    0.163485    0.000000
    0.168156    0.000000
    0.172827    0.000000
    0.177498    0.000000
    0.182169    0.000000
    0.186840    0.000000
    0.191511    0.000000
    0.196182    0.000000
    0.200853    0.000000
    0.205524    0.000000
    0.210195    0.000000
    0.214866    0.000000
    0.219537    0.000000
    0.224208    0.000000
    0.228879    0.000000
    0.233550    0.000000
    0.238221    0.000000
    0.242892    0.000000
    0.247563    0.000000
    0.252234    0.000000
    0.256905    0.000000
    0.261576    0.000000
    0.266247    0.000000
    0.270918    0.000000
    0.275589    0.000000
    0.280260    0.000000
    0.284931    0.000000
    0.289602    0.000000
    0.294273    0.000000
    0.298944    0.000000
    0.303615    0.000000
    0.308286    0.000000
    0.312957    0.000000
    0.317628    0.000000
    0.322299    0.000000
    0.326970    0.000000
    0.331641    0.000000
    0.336312    0.000000
    0.340983    0.000000
    0.345654    0.000000
    0.350325    0.000000
    0.354996    0.000000
    0.359667    0.000000
    0.364338    0.000000
    0.369009    0.000000
    0.373680    0.000000
    0.378351    0.000000
    0.383022    0.000000
    0.387693    0.000000
    0.392364    0.000000
    0.397035    0.000000
    0.401706    0.000000
    0.406377    0.000000
    0.411048    0.000000
    0.415719    0.000000
    0.420390    0.000000
    0.425061    0.000000
    0.429732    0.000000
    0.434403    0.000000
    0.439074    0.000000
    0.443745    0.000000
    0.448416    0.000000
    0.453087    0.000000
    0.457758    0.000000
    0.462429    0.000000
    0.467100    0.000000
    0.471771    0.000000
    0.476442    0.000000
    0.481113    0.000000
    0.485784    0.000000
    0.490455    0.000000
    0.495126    0.000000
    0.499797    0.000000
    0.504468    0.000000
    0.509139    0.000000
    0.513810    0.000000
    0.518481    0.000000
    0.523152    0.000000
    0.527823    0.000000
    0.532494    0.000000
    0.537165    0.000000
    0.541836    0.000000
    0.546507    0.000000
    0.551178    0.000000
    0.555849    0.000000
    0.560520    0.000000
    0.565191    0.000000
    0.569862    0.000000
    0.574533    0.000000
    0.579204    0.000000
    0.583875    0.000000
    0.588546    0.000000
    0.593217    0.000000
    0.597888    0.000000
    0.602559    0.000000
    0.607230    0.000000
    0.611901    0.000000
    0.616572    0.000000
    0.621243    0.000000
    0.625914    0.000000
    0.630585    0.000000
    0.635256    0.000000
    0.639927    0.000000
    0.644598    0.000000
    0.649269    0.000000
    0.653940    0.000000
    0.658611    0.000000
    0.663282    0.000000
    0.667953    0.000000
    0.672624    0.000000
    0.677295    0.000000
    0.681966    0.000000
    0.686637    0.000000
    0.691308    0.000000
    0.695979    0.000000
    0.700650    0.000000
    0.705321    0.000000
    0.709992    0.000000
    0.714663    0.000000
    0.719334    0.000000
    0.724005    0.000000
    0.728676    0.000000
    0.733347    0.000000
    0.738018    0.000000
    0.742689    0.000000
    0.747360    0.000000
    0.752031    0.000000
    0.756702    0.000000
    0.761373    0.000000
    0.766044    0.000000
    0.770715    0.000000
    0.775386    0.000000
    0.780057    0.000000
    0.784728    0.000000
    0.789399    0.000000
    0.794070    0.000000
    0.798741    0.000000
    0.803412    0.000000
    0.808083    0.000000
    0.812754    0.000000
    0.817425    0.000000
    0.822096    0.000000
    0.826767    0.000000
    0.831438    0.000000
    0.836109    0.000000
    0.840780    0.000000
    0.845451    0.000000
    0.850122    0.000000
    0.854793    0.000000
    0.859464    0.000000
    0.864135    0.000000
    0.868806    0.000000
    0.873477    0.000000
    0.878148    0.000012
    0.882819    0.000032
    0.887490    0.000081
    0.892161    0.000243
    0.896832    0.000533
    0.901503    0.000989
    0.906174    0.001747
    0.910845    0.003109
    0.915516    0.005119
    0.920187    0.008098
    0.924858    0.012485
    0.929529    0.018702
    0.934200    0.027274
    0.938871    0.039093
    0.943542    0.055024
    0.948213    0.075981
    0.952884    0.102696
    0.957555    0.136038
    0.962226    0.176892
    0.966897    0.225830
    0.971568    0.284979
    0.976239    0.355140
    0.980910    0.436263
    0.985581    0.529839
    0.990252    0.636842
    0.994923    0.756036
    0.999594    0.887827
    1.004265    1.033288
    1.008936    1.192377
    1.013607    1.364126
    1.018278    1.549671
    1.022949    1.747200
    1.027620    1.956009
    1.032291    2.176008
    1.036962    2.406763
    1.041633    2.646633
    1.046304    2.892441
    1.050975    3.143543
    1.055646    3.401103
    1.060317    3.664067
    1.064988    3.932638
    1.069659    4.203642
    1.074330    4.474632
    1.079001    4.747205
    1.083672    5.020576
    1.088343    5.293023
    1.093014    5.563665
    1.097685    5.831944
    1.102356    6.097191
    1.107027    6.359547
    1.111698    6.616484
    1.116369    6.869363
    1.121040    7.115097
    1.125711    7.354592
    1.130382    7.588629
    1.135053    7.817384
    1.139724    8.038490
    1.144395    8.252854
    1.149066    8.460204
    1.153737    8.659916
    1.158408    8.852911
    1.163079    9.037892
    1.167750    9.214840
    1.172421    9.385562
    1.177092    9.548819
    1.181763    9.705079
    1.186434    9.852669
    1.191105    9.992614
    1.195776   10.126066
    1.200447   10.252963
    1.205118   10.374657
    1.209789   10.489320
    1.214460   10.597259
    1.219131   10.699357
    1.223802   10.796266
    1.228473   10.887367
    1.233144   10.973048
    1.237815   11.054409
    1.242486   11.130427
    1.247157   11.202047
    1.251828   11.269040
    1.256499   11.331088
    1.261170   11.389729
    1.265841   11.444355
    1.270512   11.495455
    1.275183   11.543352
    1.279854   11.588071
    1.284525   11.629812
    1.289196   11.669338
    1.293867   11.706960
    1.298538   11.742015
    1.303209   11.775061
    1.307880   11.806658
    1.312551   11.836464
    1.317222   11.864477
    1.321893   11.891688
    1.326564   11.918359
    1.331235   11.944553
    1.335906   11.970140
    1.340577   11.994563
    1.345248   12.018874
    1.349919   12.043202
    1.354590   12.067185
    1.359261   12.091327
    1.363932   12.115913
    1.368603   12.140804
    1.373274   12.166274
    1.377945   12.193175
    1.382616   12.220918
    1.387287   12.249829
    1.391958   12.279335
    1.396629   12.310612
    1.401300   12.343595
    1.405971   12.378951
    1.410642   12.415997
    1.415313   12.454432
    1.419984   12.494983
    1.424655   12.538723
    1.429326   12.584740
    1.433997   12.633239
    1.438668   12.683957
    1.443339   12.737646
    1.448010   12.793296
    1.452681   12.851672
    1.457352   12.912555
    1.462023   12.977029
    1.466694   13.043133
    1.471365   13.112936
    1.476036   13.185256
    1.480707   13.260994
    1.485378   13.339237
    1.490049   13.419766
    1.494720   13.503283
    1.499391   13.589256
    1.504062   13.677403
    1.508733   13.768736
    1.513404   13.862176
    1.518075   13.958733
    1.522746   14.056854
    1.527417   14.155561
    1.532088   14.255521
    1.536759   14.358456
    1.541430   14.463625
    1.546101   14.569700
    1.550772   14.676638
    1.555443   14.784991
    1.560114   14.893168
    1.564785   15.001321
    1.569456   15.109578
    1.574127   15.217703
    1.578798   15.326303
    1.583469   15.434407
    1.588140   15.541976
    1.592811   15.647659
    1.597482   15.752986
    1.602153   15.857652
    1.606824   15.961560
    1.611495   16.063821
    1.616166   16.165877
    1.620837   16.265921
    1.625508   16.364839
    1.630179   16.462403
    1.634850   16.558257
    1.639521   16.651712
    1.644192   16.744628
    1.648863   16.834808
    1.653534   16.923417
    1.658205   17.010810
    1.662876   17.097633
    1.667547   17.183540
    1.672218   17.268679
    1.676889   17.352875
    1.681560   17.436704
    1.686231   17.521667
    1.690902   17.605540
    1.695573   17.690921
    1.700244   17.777969
    1.704915   17.866884
    1.709586   17.959113
    1.714257   18.053885
    1.718928   18.151534
    1.723599   18.253027
    1.728270   18.358982
    1.732941   18.469954
    1.737612   18.587019
    1.742283   18.709825
    1.746954   18.839186
    1.751625   18.976675
    1.756296   19.122356
    1.760967   19.276116
    1.765638   19.439013
    1.770309   19.610584
    1.774980   19.792384
    1.779651   19.985936
    1.784322   20.190944
    1.788993   20.407411
    1.793664   20.635338
    1.798335   20.877126
    1.803006   21.131166
    1.807677   21.399227
    1.812348   21.679725
    1.817019   21.973171
    1.821690   22.279932
    1.826361   22.599572
    1.831032   22.931514
    1.835703   23.273529
    1.840374   23.628362
    1.845045   23.994620
    1.849716   24.371659
    1.854387   24.758067
    1.859058   25.156077
    1.863729   25.561669
    1.868400   25.975149
    1.873071   26.396573
    1.877742   26.827743
    1.882413   27.264842
    1.887084   27.704545
    1.891755   28.148631
    1.896426   28.596142
    1.901097   29.047091
    1.905768   29.499777
    1.910439   29.951157
    1.915110   30.401623
    1.919781   30.852019
    1.924452   31.297525
    1.929123   31.742184
    1.933794   32.182721
    1.938465   32.616891
    1.943136   33.046185
    1.947807   33.466619
    1.952478   33.881084
    1.957149   34.288835
    1.961820   34.687366
    1.966491   35.077038
    1.971162   35.457275
    1.975833   35.828341
    1.980504   36.188493
    1.985175   36.539957
    1.989846   36.880339
    1.994517   37.210439
    1.999188   37.533695
    2.003859   37.848306
    2.008530   38.154011
    2.013201   38.450459
    2.017872   38.738555
    2.022543   39.017669
    2.027214   39.287981
    2.031885   39.551520
    2.036556   39.808238
    2.041227   40.057707
    2.045898   40.300462
    2.050569   40.539510
    2.055240   40.773983
    2.059911   41.005306
    2.064582   41.233313
    2.069253   41.458379
    2.073924   41.682005
    2.078595   41.903702
    2.083266   42.125190
    2.087937   42.346753
    2.092608   42.565031
    2.097279   42.781640
    2.101950   42.998495
    2.106621   43.216008
    2.111292   43.433628
    2.115963   43.653069
    2.120634   43.875261
    2.125305   44.099466
    2.129976   44.324059
    2.134647   44.552108
    2.139318   44.783080
    2.143989   45.014330
    2.148660   45.248706
    2.153331   45.484741
    2.158002   45.722197
    2.162673   45.964327
    2.167344   46.207329
    2.172015   46.451818
    2.176686   46.696973
    2.181357   46.942780
    2.186028   47.190309
    2.190699   47.438677
    2.195370   47.687458
    2.200041   47.937501
    2.204712   48.188095
    2.209383   48.440066
    2.214054   48.692210
    2.218725   48.944010
    2.223396   49.194355
    2.228067   49.446630
    2.232738   49.697872
    2.237409   49.948961
    2.242080   50.199491
    2.246751   50.448865
    2.251422   50.697803
    2.256093   50.947685
    2.260764   51.196336
    2.265435   51.445552
    2.270106   51.695292
    2.274777   51.945024
    2.279448   52.196085
    2.284119   52.449019
    2.288790   52.703495
    2.293461   52.959931
    2.298132   53.216979
    2.302803   53.476234
    2.307474   53.737298
    2.312145   54.002243
    2.316816   54.270566
    2.321487   54.542302
    2.326158   54.816444
    2.330829   55.096641
    2.335500   55.381669
    2.340171   55.672685
    2.344842   55.970543
    2.349513   56.274936
    2.354184   56.586067
    2.358855   56.901669
    2.363526   57.224913
    2.368197   57.553653
    2.372868   57.890062
    2.377539   58.233604
    2.382210   58.586388
    2.386881   58.947538
    2.391552   59.314385
    2.396223   59.689244
    2.400894   60.071474
    2.405565   60.459156
    2.410236   60.853127
    2.414907   61.253402
    2.419578   61.660005
    2.424249   62.073625
    2.428920   62.491271
    2.433591   62.913406
    2.438262   63.339426
    2.442933   63.770250
    2.447604   64.202962
    2.452275   64.638655
    2.456946   65.076604
    2.461617   65.516535
    2.466288   65.957808
    2.470959   66.399840
    2.475630   66.838301
    2.480301   67.275834
    2.484972   67.712625
    2.489643   68.149406
    2.494314   68.580975
    2.498985   69.011014
    2.503656   69.436535
    2.508327   69.856264
    2.512998   70.270995
    2.517669   70.679624
    2.522340   71.082117
    2.527011   71.480507
    2.531682   71.872145
    2.536353   72.255481
    2.541024   72.630996
    2.545695   72.999666
    2.550366   73.362098
    2.555037   73.718289
    2.559708   74.066467
    2.564379   74.407340
    2.569050   74.742423
    2.573721   75.071593
    2.578392   75.393400
    2.583063   75.709123
    2.587734   76.017067
    2.592405   76.320361
    2.597076   76.617630
    2.601747   76.907955
    2.606418   77.193776
    2.611089   77.474540
    2.615760   77.750754
    2.620431   78.024825
    2.625102   78.295074
    2.629773   78.562207
    2.634444   78.824739
    2.639115   79.085214
    2.643786   79.343924
    2.648457   79.601434
    2.653128   79.857209
    2.657799   80.112104
    2.662470   80.368631
    2.667141   80.625506
    2.671812   80.883757
    2.676483   81.144566
    2.681154   81.408569
    2.685825   81.676159
    2.690496   81.948701
    2.695167   82.225522
    2.699838   82.505858
    2.704509   82.792087
    2.709180   83.085519
    2.713851   83.384464
    2.718522   83.690330
    2.723193   84.002163
    2.727864   84.323732
    2.732535   84.657095
    2.737206   85.001847
    2.741877   85.356064
    2.746548   85.720469
    2.751219   86.098965
    2.755890   86.491934
    2.760561   86.898512
    2.765232   87.318960
    2.769903   87.754899
    2.774574   88.207731
    2.779245   88.678136
    2.783916   89.165677
    2.788587   89.671181
    2.793258   90.193201
    2.797929   90.734836
    2.802600   91.296108
    2.807271   91.877179
    2.811942   92.476892
    2.816613   93.095847
    2.821284   93.735900
    2.825955   94.394598
    2.830626   95.071678
    2.835297   95.767764
    2.839968   96.484875
    2.844639   97.220841
    2.849310   97.971896
    2.853981   98.739097
    2.858652   99.523328
    2.863323  100.320170
    2.867994  101.134600
    2.872665  101.963902
    2.877336  102.803411
    2.882007  103.653933
    2.886678  104.512141
    2.891349  105.379816
    2.896020  106.254515
    2.900691  107.137965
    2.905362  108.022927
    2.910033  108.909734
    2.914704  109.797868
    2.919375  110.684993
    2.924046  111.568631
    2.928717  112.448363
    2.933388  113.324951
    2.938059  114.194884
    2.942730  115.058341
    2.947401  115.915686
    2.952072  116.762248
    2.956743  117.599277
    2.961414  118.422503
    2.966085  119.232658
    2.970756  120.029844
    2.975427  120.810123
    2.980098  121.575433
    2.984769  122.324293
    2.989440  123.053845
    2.994111  123.768778
    2.998782  124.466065
    3.003453  125.149609
    3.008124  125.812870
    3.012795  126.455368
    3.017466  127.080338
    3.022137  127.687870
    3.026808  128.275203
    3.031479  128.842622
    3.036150  129.392806
    3.040821  129.926175
    3.045492  130.444347
    3.050163  130.948463
    3.054834  131.435642
    3.059505  131.907888
    3.064176  132.367165
    3.068847  132.813620
    3.073518  133.249467
    3.078189  133.674325
    3.082860  134.090059
    3.087531  134.496198
    3.092202  134.895838
    3.096873  135.291139
    3.101544  135.679849
    3.106215  136.063768
    3.110886  136.444623
    3.115557  136.824674
    3.120228  137.202779
    3.124899  137.581624
    3.129570  137.958771
    3.134241  138.338211
    3.138912  138.723283
    3.143583  139.110984
    3.148254  139.503316
    3.152925  139.900527
    3.157596  140.302547
    3.162267  140.709849
    3.166938  141.124895
    3.171609  141.550642
    3.176280  141.985518
    3.180951  142.432365
    3.185622  142.888477
    3.190293  143.358408
    3.194964  143.840022
    3.199635  144.336181
    3.204306  144.841983
    3.208977  145.361410
    3.213648  145.895558
    3.218319  146.441102
    3.222990  146.998754
    3.227661  147.569735
    3.232332  148.155446
    3.237003  148.753053
    3.241674  149.364483
    3.246345  149.986463
    3.251016  150.619474
    3.255687  151.265792
    3.260358  151.927286
    3.265029  152.598975
    3.269700  153.284580
    3.274371  153.981235
    3.279042  154.686303
    3.283713  155.400192
    3.288384  156.123919
    3.293055  156.853783
    3.297726  157.590350
    3.302397  158.332498
    3.307068  159.081338
    3.311739  159.836048
    3.316410  160.593224
    3.321081  161.356909
    3.325752  162.125955
    3.330423  162.894483
    3.335094  163.666708
    3.339765  164.442220
    3.344436  165.220438
    3.349107  166.000507
    3.353778  166.780296
    3.358449  167.556530
    3.363120  168.330075
    3.367791  169.101465
    3.372462  169.873336
    3.377133  170.644345
    3.381804  171.411710
    3.386475  172.177923
    3.391146  172.940683
    3.395817  173.699855
    3.400488  174.456836
    3.405159  175.210013
    3.409830  175.960252
    3.414501  176.702064
    3.419172  177.443240
    3.423843  178.178959
    3.428514  178.912455
    3.433185  179.640260
    3.437856  180.367045
    3.442527  181.089606
    3.447198  181.808992
    3.451869  182.524298
    3.456540  183.237430
    3.461211  183.949150
    3.465882  184.653546
    3.470553  185.358656
    3.475224  186.060163
    3.479895  186.758823
    3.484566  187.454660
    3.489237  188.144705
    3.493908  188.831847
    3.498579  189.517037
    3.503250  190.198966
    3.507921  190.880213
    3.512592  191.560208
    3.517263  192.236947
    3.521934  192.912812
    3.526605  193.589868
    3.531276  194.266906
    3.535947  194.943713
    3.540618  195.621299
    3.545289  196.299512
    3.549960  196.975940
    3.554631  197.651485
    3.559302  198.327479
    3.563973  199.004444
    3.568644  199.680350
    3.573315  200.356801
    3.577986  201.032203
    3.582657  201.707583
    3.587328  202.384227
    3.591999  203.058795
    3.596670  203.737097
    3.601341  204.417217
    3.606012  205.098101
    3.610683  205.780471
    3.615354  206.466149
    3.620025  207.151609
    3.624696  207.837411
    3.629367  208.527323
    3.634038  209.215001
    3.638709  209.904899
    3.643380  210.596338
    3.648051  211.289425
    3.652722  211.985161
    3.657393  212.681913
    3.662064  213.384024
    3.666735  214.083913
    3.671406  214.787366
    3.676077  215.493399
    3.680748  216.201363
    3.685419  216.913149
    3.690090  217.629058
    3.694761  218.349456
    3.699432  219.073484
    3.704103  219.800272
    3.708774  220.529586
    3.713445  221.263293
    3.718116  222.003436
    3.722787  222.749533
    3.727458  223.503703
    3.732129  224.263464
    3.736800  225.032403
    3.741471  225.810624
    3.746142  226.595691
    3.750813  227.388816
    3.755484  228.191732
    3.760155  229.002218
    3.764826  229.826183
    3.769497  230.662641
    3.774168  231.509223
    3.778839  232.367988
    3.783510  233.241690
    3.788181  234.124608
    3.792852  235.020359
    3.797523  235.932532
    3.802194  236.861664
    3.806865  237.804707
    3.811536  238.763866
    3.816207  239.741881
    3.820878  240.739406
    3.825549  241.753368
    3.830220  242.786567
    3.834891  243.840212
    3.839562  244.913769
    3.844233  246.009632
    3.848904  247.127095
    3.853575  248.263143
    3.858246  249.416762
    3.862917  250.591267
    3.867588  251.788228
    3.872259  253.000165
    3.876930  254.239504
    3.881601  255.495465
    3.886272  256.769148
    3.890943  258.061525
    3.895614  259.371299
    3.900285  260.700098
    3.904956  262.041884
    3.909627  263.396534
    3.914298  264.766887
    3.918969  266.151626
    3.923640  267.546455
    3.928311  268.951718
    3.932982  270.365396
    3.937653  271.785537
    3.942324  273.211334
    3.946995  274.638424
    3.951666  276.066368
    3.956337  277.499523
    3.961008  278.926789
    3.965679  280.351508
    3.970350  281.770766
    3.975021  283.183496
    3.979692  284.591575
    3.984363  285.987045
    3.989034  287.366734
    3.993705  288.728506
    3.998376  290.077619
    4.003047  291.411009
    4.007718  292.726924
    4.012389  294.028808
    4.017060  295.308635
    4.021731  296.564665
    4.026402  297.802951
    4.031073  299.018830
    4.035744  300.209559
    4.040415  301.381244
    4.045086  302.529654
    4.049757  303.653798
    4.054428  304.751442
    4.059099  305.823816
    4.063770  306.871091
    4.068441  307.894093
    4.073112  308.896145
    4.077783  309.877944
    4.082454  310.840136
    4.087125  311.780716
    4.091796  312.702808
    4.096467  313.605502
    4.101138  314.490382
    4.105809  315.361550
    4.110480  316.218364
    4.115151  317.065887
    4.119822  317.903334
    4.124493  318.731499
    4.129164  319.552493
    4.133835  320.364277
    4.138506  321.172102
    4.143177  321.976870
    4.147848  322.778128
    4.152519  323.576121
    4.157190  324.379739
    4.161861  325.182623
    4.166532  325.990053
    4.171203  326.800061
    4.175874  327.614665
    4.180545  328.438038
    4.185216  329.267542
    4.189887  330.105100
    4.194558  330.948744
    4.199229  331.804220
    4.203900  332.668282
    4.208571  333.540429
    4.213242  334.423148
    4.217913  335.315285
    4.222584  336.217077
    4.227255  337.128222
    4.231926  338.045238
    4.236597  338.972391
    4.241268  339.907758
    4.245939  340.849911
    4.250610  341.800844
    4.255281  342.759318
    4.259952  343.724634
    4.264623  344.694350
    4.269294  345.675221
    4.273965  346.658806
    4.278636  347.646621
    4.283307  348.639552
    4.287978  349.633281
    4.292649  350.628919
    4.297320  351.625332
    4.301991  352.621568
    4.306662  353.616923
    4.311333  354.612808
    4.316004  355.604434
    4.320675  356.596252
    4.325346  357.585120
    4.330017  358.569594
    4.334688  359.551084
    4.339359  360.531596
    4.344030  361.507783
    4.348701  362.482879
    4.353372  363.456173
    4.358043  364.422689
    4.362714  365.386016
    4.367385  366.350250
    4.372056  367.312002
    4.376727  368.272067
    4.381398  369.232737
    4.386069  370.190333
    4.390740  371.150734
    4.395411  372.113382
    4.400082  373.078358
    4.404753  374.045033
    4.409424  375.017437
    4.414095  375.992989
    4.418766  376.970831
    4.423437  377.957647
    4.428108  378.950727
    4.432779  379.950923
    4.437450  380.960013
    4.442121  381.976677
    4.446792  382.999654
    4.451463  384.031769
    4.456134  385.075428
    4.460805  386.128810
    4.465476  387.195020
    4.470147  388.271936
    4.474818  389.360570
    4.479489  390.463892
    4.484160  391.579543
    4.488831  392.711930
    4.493502  393.856722
    4.498173  395.011790
    4.502844  396.179754
    4.507515  397.361081
    4.512186  398.555161
    4.516857  399.764460
    4.521528  400.990644
    4.526199  402.228571
    4.530870  403.477949
    4.535541  404.737871
    4.540212  406.006717
    4.544883  407.287453
    4.549554  408.578067
    4.554225  409.880889
    4.558896  411.194813
    4.563567  412.518973
    4.568238  413.851810
    4.572909  415.197402
    4.577580  416.551593
    4.582251  417.917751
    4.586922  419.294078
    4.591593  420.679104
    4.596264  422.068561
    4.600935  423.466387
    4.605606  424.874932
    4.610277  426.291911
    4.614948  427.717878
    4.619619  429.155520
    4.624290  430.600933
    4.628961  432.058981
    4.633632  433.527570
    4.638303  435.004789
    4.642974  436.492320
    4.647645  437.991883
    4.652316  439.502743
    4.656987  441.024800
    4.661658  442.558052
    4.666329  444.102500
    4.671000  445.657861
