    0.004671    0.000000
    0.009342    0.000000
    0.014013    0.000000
    0.018684    0.000000
    0.023355    0.000000
    0.028026    0.000000
    0.032697    0.000000
    0.037368    0.000000
    0.042039    0.000000
    0.046710    0.000000
    0.051381    0.000000
    0.056052    0.000000
    0.060723    0.000000
    0.065394    0.000000
    0.070065    0.000000
    0.074736    0.000000
    0.079407    0.000000
    0.084078    0.000000
    0.088749    0.000000
    0.093420    0.000000
    0.098091    0.000000
    0.102762    0.000000
    0.107433    0.000000
    0.112104    0.000000
    0.116775    0.000000
    0.121446    0.000000
    0.126117    0.000000
    0.130788    0.000000
    0.135459    0.000000
    0.140130    0.000000
    0.144801    0.000000
    0.149472    0.000000
    0.154143    0.000000
    0.158814    0.000000
    0.163485    0.000000
    0.168156    0.000000
    0.172827    0.000000
    0.177498    0.000000
    0.182169    0.000000
    0.186840    0.000000
    0.191511    0.000000
    0.196182    0.000000
    0.200853    0.000000
    0.205524    0.000000
    0.210195    0.000000
    0.214866    0.000000
    0.219537    0.000000
    0.224208    0.000000
    0.228879    0.000000
    0.233550    0.000000
    0.238221    0.000000
    0.242892    0.000000
    0.247563    0.000000
    0.252234    0.000000
    0.256905    0.000000
    0.261576    0.000000
    0.266247    0.000000
    0.270918    0.000000
    0.275589    0.000000
    0.280260    0.000000
    0.284931    0.000000
    0.289602    0.000000
    0.294273    0.000000
    0.298944    0.000000
    0.303615    0.000000
    0.308286    0.000000
    0.312957    0.000000
    0.317628    0.000000
    0.322299    0.000000
    0.326970    0.000000
    0.331641    0.000000
    0.336312    0.000000
    0.340983    0.000000
    0.345654    0.000000
    0.350325    0.000000
    0.354996    0.000000
    0.359667    0.000000
    0.364338    0.000000
    0.369009    0.000000
    0.373680    0.000000
    0.378351    0.000000
    0.383022    0.000000
    0.387693    0.000000
    0.392364    0.000000
    0.397035    0.000000
    0.401706    0.000000
    0.406377    0.000000
    0.411048    0.000000
    0.415719    0.000000
    0.420390    0.000000
    0.425061    0.000000
    0.429732    0.000000
    0.434403    0.000000
    0.439074    0.000000
    0.443745    0.000000
    0.448416    0.000000
    0.453087    0.000000
    0.457758    0.000000
    0.462429    0.000000
    0.467100    0.000000
    0.471771    0.000000
    0.476442    0.000000
    0.481113    0.000000
    0.485784    0.000000
    0.490455    0.000000
    0.495126    0.000000
    0.499797    0.000000
    0.504468    0.000000
    0.509139    0.000000
    0.513810    0.000000
    0.518481    0.000000
    0.523152    0.000000
    0.527823    0.000000
    0.532494    0.000000
    0.537165    0.000000
    0.541836    0.000000
    0.546507    0.000000
    0.551178    0.000000
    0.555849    0.000000
    0.560520    0.000000
    0.565191    0.000000
    0.569862    0.000000
    0.574533    0.000000
    0.579204    0.000000
    0.583875    0.000000
    0.588546    0.000000
    0.593217    0.000000
    0.597888    0.000000
    0.602559    0.000000
    0.607230    0.000000
    0.611901    0.000000
    0.616572    0.000000
    0.621243    0.000000
    0.625914    0.000000
    0.630585    0.000000
    0.635256    0.000000
    0.639927    0.000000
    0.644598    0.000000
    0.649269    0.000000
    0.653940    0.000000
    0.658611    0.000000
    0.663282    0.000000
    0.667953    0.000000
    0.672624    0.000000
    0.677295    0.000000
    0.681966    0.000000
    0.686637    0.000000
    0.691308    0.000000
    0.695979    0.000000
    0.700650    0.000000
    0.705321    0.000000
    0.709992    0.000000
    0.714663    0.000000
    0.719334    0.000000
    0.724005    0.000000
    0.728676    0.000000
    0.733347    0.000000
    0.738018    0.000000
    0.742689    0.000000
    0.747360    0.000000
    0.752031    0.000000
    0.756702    0.000000
    0.761373    0.000000
    0.766044    0.000000
    0.770715    0.000000
    0.775386    0.000000
    0.780057    0.000000
    0.784728    0.000000
    0.789399    0.000000
    0.794070    0.000000
    0.798741    0.000000
    0.803412    0.000000
    0.808083    0.000056
    0.812754    0.000043
    0.817425    0.000203
    0.822096    0.000268
    0.826767    0.000801
    0.831438    0.001168
    0.836109    0.003429
    0.840780    0.006317
    0.845451    0.012207
    0.850122    0.020684
    0.854793    0.033079
    0.859464    0.051986
    0.864135    0.079405
    0.868806    0.112864
    0.873477    0.152069
    0.878148    0.208642
    0.882819    0.270070
    0.887490    0.340233
    0.892161    0.428611
    0.896832    0.533370
    0.901503    0.645534
    0.906174    0.763344
    0.910845    0.895021
    0.915516    1.037307
    0.920187    1.177672
    0.924858    1.305149
    0.929529    1.452472
    0.934200    1.586237
    0.938871    1.719565
    0.943542    1.853985
    0.948213    1.978259
    0.952884    2.095296
    0.957555    2.210584
    0.962226    2.310620
    0.966897    2.401333
    0.971568    2.479722
    0.976239    2.537799
    0.980910    2.580402
    0.985581    2.628127
    0.990252    2.684305
    0.994923    2.700062
    0.999594    2.705452
    1.004265    2.708566
    1.008936    2.721508
    1.013607    2.702741
    1.018278    2.697255
    1.022949    2.661186
    1.027620    2.657338
    1.032291    2.620480
    1.036962    2.572937
    1.041633    2.534154
    1.046304    2.492847
    1.050975    2.445497
    1.055646    2.393015
    1.060317    2.346230
    1.064988    2.299591
    1.069659    2.252736
    1.074330    2.204437
    1.079001    2.147710
    1.083672    2.106518
    1.088343    2.069829
    1.093014    2.016147
    1.097685    1.965960
    1.102356    1.921897
    1.107027    1.863006
    1.111698    1.814514
    1.116369    1.764898
    1.121040    1.709624
    1.125711    1.668961
    1.130382    1.639862
    1.135053    1.595972
    1.139724    1.544941
    1.144395    1.508482
    1.149066    1.464187
    1.153737    1.432307
    1.158408    1.388693
    1.163079    1.345309
    1.167750    1.318341
    1.172421    1.292157
    1.177092    1.252742
    1.181763    1.222226
    1.186434    1.199353
    1.191105    1.171796
    1.195776    1.132430
    1.200447    1.118810
    1.205118    1.083701
    1.209789    1.052864
    1.214460    1.036977
    1.219131    1.009411
    1.223802    0.994530
    1.228473    0.973576
    1.233144    0.955397
    1.237815    0.938433
    1.242486    0.921193
    1.247157    0.901949
    1.251828    0.891608
    1.256499    0.871034
    1.261170    0.855574
    1.265841    0.839792
    1.270512    0.822759
    1.275183    0.816875
    1.279854    0.801323
    1.284525    0.789407
    1.289196    0.772295
    1.293867    0.766757
    1.298538    0.754750
    1.303209    0.746788
    1.307880    0.737103
    1.312551    0.725049
    1.317222    0.716762
    1.321893    0.710577
    1.326564    0.701453
    1.331235    0.687653
    1.335906    0.680615
    1.340577    0.675342
    1.345248    0.668824
    1.349919    0.666309
    1.354590    0.662012
    1.359261    0.660743
    1.363932    0.653224
    1.368603    0.648780
    1.373274    0.639388
    1.377945    0.640035
    1.382616    0.636601
    1.387287    0.632639
    1.391958    0.630744
    1.396629    0.627866
    1.401300    0.625634
    1.405971    0.620538
    1.410642    0.616424
    1.415313    0.617053
    1.419984    0.617515
    1.424655    0.619298
    1.429326    0.612142
    1.433997    0.613522
    1.438668    0.611456
    1.443339    0.610432
    1.448010    0.612045
    1.452681    0.614927
    1.457352    0.613982
    1.462023    0.611478
    1.466694    0.611752
    1.471365    0.614385
    1.476036    0.612679
    1.480707    0.618276
    1.485378    0.617545
    1.490049    0.623022
    1.494720    0.624888
    1.499391    0.627291
    1.504062    0.629313
    1.508733    0.634621
    1.513404    0.636992
    1.518075    0.636884
    1.522746    0.647171
    1.527417    0.643442
    1.532088    0.649075
    1.536759    0.654748
    1.541430    0.665272
    1.546101    0.670523
    1.550772    0.671909
    1.555443    0.679331
    1.560114    0.685226
    1.564785    0.694378
    1.569456    0.707015
    1.574127    0.710375
    1.578798    0.717083
    1.583469    0.724426
    1.588140    0.728770
    1.592811    0.738740
    1.597482    0.748891
    1.602153    0.753751
    1.606824    0.764556
    1.611495    0.771496
    1.616166    0.779048
    1.620837    0.787694
    1.625508    0.794572
    1.630179    0.805031
    1.634850    0.813851
    1.639521    0.821621
    1.644192    0.826702
    1.648863    0.836671
    1.653534    0.843781
    1.658205    0.851265
    1.662876    0.859593
    1.667547    0.868303
    1.672218    0.879243
    1.676889    0.893451
    1.681560    0.912060
    1.686231    0.920050
    1.690902    0.925027
    1.695573    0.937803
    1.700244    0.951574
    1.704915    0.957314
    1.709586    0.970945
    1.714257    0.978623
    1.718928    0.990332
    1.723599    0.994784
    1.728270    1.005133
    1.732941    1.019281
    1.737612    1.022565
    1.742283    1.035554
    1.746954    1.044223
    1.751625    1.055062
    1.756296    1.064882
    1.760967    1.070300
    1.765638    1.078345
    1.770309    1.087377
    1.774980    1.098008
    1.779651    1.102416
    1.784322    1.114022
    1.788993    1.120635
    1.793664    1.129097
    1.798335    1.148376
    1.803006    1.154011
    1.807677    1.159323
    1.812348    1.171044
    1.817019    1.177386
    1.821690    1.187742
    1.826361    1.192033
    1.831032    1.196978
    1.835703    1.198252
    1.840374    1.206428
    1.845045    1.215637
    1.849716    1.218987
    1.854387    1.224174
    1.859058    1.226950
    1.863729    1.235783
    1.868400    1.238780
    1.873071    1.245063
    1.877742    1.243099
    1.882413    1.249442
    1.887084    1.249872
    1.891755    1.246965
    1.896426    1.257047
    1.901097    1.248657
    1.905768    1.249911
    1.910439    1.253500
    1.915110    1.256519
    1.919781    1.262893
    1.924452    1.269520
    1.929123    1.265477
    1.933794    1.264943
    1.938465    1.261062
    1.943136    1.257644
    1.947807    1.253215
    1.952478    1.254135
    1.957149    1.249155
    1.961820    1.247395
    1.966491    1.242641
    1.971162    1.234094
    1.975833    1.229639
    1.980504    1.230336
    1.985175    1.229002
    1.989846    1.225905
    1.994517    1.222164
    1.999188    1.213501
    2.003859    1.211366
    2.008530    1.207112
    2.013201    1.199223
    2.017872    1.195637
    2.022543    1.185879
    2.027214    1.176680
    2.031885    1.177054
    2.036556    1.172472
    2.041227    1.160931
    2.045898    1.155596
    2.050569    1.150660
    2.055240    1.141223
    2.059911    1.132952
    2.064582    1.124606
    2.069253    1.117404
    2.073924    1.108671
    2.078595    1.101233
    2.083266    1.098658
    2.087937    1.089107
    2.092608    1.074295
    2.097279    1.068136
    2.101950    1.058175
    2.106621    1.054767
    2.111292    1.048059
    2.115963    1.045184
    2.120634    1.038076
    2.125305    1.027394
    2.129976    1.021786
    2.134647    1.013866
    2.139318    1.009289
    2.143989    1.005206
    2.148660    0.992956
    2.153331    0.983964
    2.158002    0.977287
    2.162673    0.968789
    2.167344    0.966258
    2.172015    0.960374
    2.176686    0.956171
    2.181357    0.951560
    2.186028    0.944484
    2.190699    0.935875
    2.195370    0.936029
    2.200041    0.930576
    2.204712    0.922903
    2.209383    0.917352
    2.214054    0.912009
    2.218725    0.905047
    2.223396    0.901772
    2.228067    0.897662
    2.232738    0.894737
    2.237409    0.886877
    2.242080    0.889035
    2.246751    0.883705
    2.251422    0.883894
    2.256093    0.879089
    2.260764    0.872195
    2.265435    0.870121
    2.270106    0.866308
    2.274777    0.863600
    2.279448    0.861146
    2.284119    0.858624
    2.288790    0.859310
    2.293461    0.858548
    2.298132    0.854612
    2.302803    0.858806
    2.307474    0.856727
    2.312145    0.849366
    2.316816    0.851970
    2.321487    0.851977
    2.326158    0.847253
    2.330829    0.845761
    2.335500    0.846714
    2.340171    0.848242
    2.344842    0.847208
    2.349513    0.847874
    2.354184    0.847591
    2.358855    0.850084
    2.363526    0.853696
    2.368197    0.856438
    2.372868    0.850979
    2.377539    0.849859
    2.382210    0.852458
    2.386881    0.857712
    2.391552    0.858521
    2.396223    0.857272
    2.400894    0.861569
    2.405565    0.862532
    2.410236    0.862557
    2.414907    0.863904
    2.419578    0.867221
    2.424249    0.870453
    2.428920    0.873859
    2.433591    0.875878
    2.438262    0.876199
    2.442933    0.887225
    2.447604    0.887853
    2.452275    0.891252
    2.456946    0.895304
    2.461617    0.896482
    2.466288    0.901990
    2.470959    0.904745
    2.475630    0.910501
    2.480301    0.910687
    2.484972    0.912993
    2.489643    0.916552
    2.494314    0.924445
    2.498985    0.928455
    2.503656    0.929935
    2.508327    0.932119
    2.512998    0.937909
    2.517669    0.939186
    2.522340    0.942856
    2.527011    0.947458
    2.531682    0.951226
    2.536353    0.956714
    2.541024    0.955751
    2.545695    0.962244
    2.550366    0.970193
    2.555037    0.969730
    2.559708    0.974863
    2.564379    0.978169
    2.569050    0.985578
    2.573721    0.992257
    2.578392    0.999912
    2.583063    1.000262
    2.587734    1.003144
    2.592405    1.006570
    2.597076    1.011582
    2.601747    1.013251
    2.606418    1.017245
    2.611089    1.018486
    2.615760    1.024826
    2.620431    1.024275
    2.625102    1.028934
    2.629773    1.032275
    2.634444    1.036439
    2.639115    1.041201
    2.643786    1.042697
    2.648457    1.048066
    2.653128    1.052180
    2.657799    1.050898
    2.662470    1.054346
    2.667141    1.057680
    2.671812    1.062313
    2.676483    1.060750
    2.681154    1.064566
    2.685825    1.067954
    2.690496    1.066550
    2.695167    1.069152
    2.699838    1.070261
    2.704509    1.072970
    2.709180    1.075127
    2.713851    1.073864
    2.718522    1.077438
    2.723193    1.080622
    2.727864    1.084755
    2.732535    1.082035
    2.737206    1.083597
    2.741877    1.085302
    2.746548    1.083328
    2.751219    1.085257
    2.755890    1.084527
    2.760561    1.082649
    2.765232    1.083729
    2.769903    1.084370
    2.774574    1.081489
    2.779245    1.087520
    2.783916    1.082831
    2.788587    1.084563
    2.793258    1.083406
    2.797929    1.083274
    2.802600    1.081876
    2.807271    1.079818
    2.811942    1.076906
    2.816613    1.079513
    2.821284    1.083089
    2.825955    1.079473
    2.830626    1.076550
    2.835297    1.080624
    2.839968    1.080700
    2.844639    1.079523
    2.849310    1.078588
    2.853981    1.076289
    2.858652    1.075164
    2.863323    1.076036
    2.867994    1.073474
    2.872665    1.069665
    2.877336    1.070163
    2.882007    1.069887
    2.886678    1.065325
    2.891349    1.066601
    2.896020    1.062410
    2.900691    1.059919
    2.905362    1.059738
    2.910033    1.057344
    2.914704    1.054211
    2.919375    1.048735
    2.924046    1.043163
    2.928717    1.044172
    2.933388    1.044631
    2.938059    1.044371
    2.942730    1.041332
    2.947401    1.036128
    2.952072    1.035824
    2.956743    1.038048
    2.961414    1.032068
    2.966085    1.028624
    2.970756    1.026150
    2.975427    1.022467
    2.980098    1.019609
    2.984769    1.020652
    2.989440    1.015976
    2.994111    1.012165
    2.998782    1.008758
    3.003453    1.009293
    3.008124    1.009177
    3.012795    1.004246
    3.017466    1.001896
    3.022137    1.000683
    3.026808    1.000410
    3.031479    0.998669
    3.036150    0.994813
    3.040821    0.990972
    3.045492    0.989701
    3.050163    0.985643
    3.054834    0.984704
    3.059505    0.981346
    3.064176    0.983245
    3.068847    0.981528
    3.073518    0.979081
    3.078189    0.975122
    3.082860    0.975588
    3.087531    0.975508
    3.092202    0.970602
    3.096873    0.971478
    3.101544    0.965602
    3.106215    0.963798
    3.110886    0.962031
    3.115557    0.961351
    3.120228    0.960976
    3.124899    0.958834
    3.129570    0.960253
    3.134241    0.958134
    3.138912    0.959296
    3.143583    0.957882
    3.148254    0.953759
    3.152925    0.947561
    3.157596    0.950931
    3.162267    0.950080
    3.166938    0.947776
    3.171609    0.947929
    3.176280    0.945719
    3.180951    0.947630
    3.185622    0.945917
    3.190293    0.946261
    3.194964    0.947647
    3.199635    0.944652
    3.204306    0.945727
    3.208977    0.945966
    3.213648    0.944399
    3.218319    0.942915
    3.222990    0.944062
    3.227661    0.945038
    3.232332    0.942531
    3.237003    0.940929
    3.241674    0.943958
    3.246345    0.942392
    3.251016    0.942287
    3.255687    0.942673
    3.260358    0.942401
    3.265029    0.941519
    3.269700    0.945798
    3.274371    0.945298
    3.279042    0.946473
    3.283713    0.946999
    3.288384    0.946746
    3.293055    0.947996
    3.297726    0.949421
    3.302397    0.950416
    3.307068    0.951879
    3.311739    0.954461
    3.316410    0.955302
    3.321081    0.956081
    3.325752    0.954868
    3.330423    0.954995
    3.335094    0.957169
    3.339765    0.955270
    3.344436    0.956765
    3.349107    0.958071
    3.353778    0.959043
    3.358449    0.964579
    3.363120    0.966083
    3.367791    0.965771
    3.372462    0.968324
    3.377133    0.972287
    3.381804    0.967093
    3.386475    0.973282
    3.391146    0.971503
    3.395817    0.976508
    3.400488    0.979471
    3.405159    0.978260
    3.409830    0.978705
    3.414501    0.982359
    3.419172    0.984034
    3.423843    0.984255
    3.428514    0.987306
    3.433185    0.990026
    3.437856    0.990060
    3.442527    0.992067
    3.447198    0.990826
    3.451869    0.992150
    3.456540    0.995207
    3.461211    0.995178
    3.465882    0.998517
    3.470553    1.000948
    3.475224    1.005870
    3.479895    1.005621
    3.484566    1.005339
    3.489237    1.010455
    3.493908    1.009288
    3.498579    1.010937
    3.503250    1.011690
    3.507921    1.013165
    3.512592    1.012419
    3.517263    1.015934
    3.521934    1.015692
    3.526605    1.017588
    3.531276    1.019878
    3.535947    1.022151
    3.540618    1.024134
    3.545289    1.025423
    3.549960    1.022904
    3.554631    1.026896
    3.559302    1.023689
    3.563973    1.023943
    3.568644    1.028429
    3.573315    1.027880
    3.577986    1.027795
    3.582657    1.028900
    3.587328    1.033928
    3.591999    1.033818
    3.596670    1.034490
    3.601341    1.034160
    3.606012    1.032330
    3.610683    1.034854
    3.615354    1.032864
    3.620025    1.032712
    3.624696    1.035135
    3.629367    1.032519
    3.634038    1.032560
    3.638709    1.033199
    3.643380    1.034964
    3.648051    1.032389
    3.652722    1.032303
    3.657393    1.032906
    3.662064    1.032998
    3.666735    1.032400
    3.671406    1.030663
    3.676077    1.027538
    3.680748    1.029649
    3.685419    1.029913
    3.690090    1.030550
    3.694761    1.028785
    3.699432    1.028569
    3.704103    1.029490
    3.708774    1.027640
    3.713445    1.026606
    3.718116    1.028619
    3.722787    1.029589
    3.727458    1.028671
    3.732129    1.025470
    3.736800    1.025264
    3.741471    1.024022
    3.746142    1.024542
    3.750813    1.024119
    3.755484    1.023902
    3.760155    1.020680
    3.764826    1.019579
    3.769497    1.019572
    3.774168    1.020389
    3.778839    1.022855
    3.783510    1.021419
    3.788181    1.021456
    3.792852    1.020254
    3.797523    1.017992
    3.802194    1.019683
    3.806865    1.018259
    3.811536    1.016318
    3.816207    1.012301
    3.820878    1.014007
    3.825549    1.016194
    3.830220    1.014015
    3.834891    1.011598
    3.839562    1.010219
    3.844233    1.009464
    3.848904    1.009542
    3.853575    1.007805
    3.858246    1.007833
    3.862917    1.009383
    3.867588    1.009033
    3.872259    1.006026
    3.876930    1.006047
    3.881601    1.005633
    3.886272    1.003226
    3.890943    1.002878
    3.895614    1.000624
    3.900285    0.998244
    3.904956    1.000554
    3.909627    0.999766
    3.914298    0.998594
    3.918969    0.994243
    3.923640    0.994660
    3.928311    0.992443
    3.932982    0.993036
    3.937653    0.992633
    3.942324    0.993491
    3.946995    0.992082
    3.951666    0.991493
    3.956337    0.992525
    3.961008    0.990353
    3.965679    0.989276
    3.970350    0.989791
    3.975021    0.987952
    3.979692    0.984552
    3.984363    0.984547
    3.989034    0.985685
    3.993705    0.985475
    3.998376    0.985679
    4.003047    0.987114
    4.007718    0.985825
    4.012389    0.984944
    4.017060    0.982138
    4.021731    0.983845
    4.026402    0.982573
    4.031073    0.982094
    4.035744    0.980949
    4.040415    0.981203
    4.045086    0.979809
    4.049757    0.980412
    4.054428    0.981534
    4.059099    0.979635
    4.063770    0.978517
    4.068441    0.979870
    4.073112    0.979571
    4.077783    0.980071
    4.082454    0.981624
    4.087125    0.981363
    4.091796    0.976833
    4.096467    0.977206
    4.101138    0.977714
    4.105809    0.978000
    4.110480    0.975946
    4.115151    0.976435
    4.119822    0.976695
    4.124493    0.975518
    4.129164    0.976247
    4.133835    0.974040
    4.138506    0.974444
    4.143177    0.974967
    4.147848    0.976255
    4.152519    0.976118
    4.157190    0.976872
    4.161861    0.977917
    4.166532    0.979450
    4.171203    0.979425
    4.175874    0.978303
    4.180545    0.977622
    4.185216    0.978845
    4.189887    0.977746
    4.194558    0.981459
    4.199229    0.983473
    4.203900    0.982324
    4.208571    0.980518
    4.213242    0.982621
    4.217913    0.981593
    4.222584    0.984455
    4.227255    0.985737
    4.231926    0.986669
    4.236597    0.984981
    4.241268    0.984534
    4.245939    0.985391
    4.250610    0.989178
    4.255281    0.987593
    4.259952    0.987992
    4.264623    0.986496
    4.269294    0.988229
    4.273965    0.990481
    4.278636    0.992918
    4.283307    0.993234
    4.287978    0.991466
    4.292649    0.992542
    4.297320    0.993359
    4.301991    0.991635
    4.306662    0.993031
    4.311333    0.991617
    4.316004    0.993265
    4.320675    0.992373
    4.325346    0.995313
    4.330017    0.997118
    4.334688    0.996440
    4.339359    0.996558
    4.344030    0.997286
    4.348701    0.997611
    4.353372    0.996092
    4.358043    0.997671
    4.362714    0.999668
    4.367385    1.000789
    4.372056    0.998255
    4.376727    1.000563
    4.381398    1.001236
    4.386069    1.000781
    4.390740    1.004481
    4.395411    1.004204
    4.400082    1.003704
    4.404753    1.004448
    4.409424    1.004830
    4.414095    1.006276
    4.418766    1.006587
    4.423437    1.006596
    4.428108    1.008452
    4.432779    1.006898
    4.437450    1.010403
    4.442121    1.009750
    4.446792    1.012914
    4.451463    1.010762
    4.456134    1.013036
    4.460805    1.012127
    4.465476    1.010231
    4.470147    1.011010
    4.474818    1.012671
    4.479489    1.012786
    4.484160    1.012052
    4.488831    1.012201
    4.493502    1.012226
    4.498173    1.013159
    4.502844    1.011943
    4.507515    1.010828
    4.512186    1.011487
    4.516857    1.010718
    4.521528    1.012456
    4.526199    1.013334
    4.530870    1.013344
    4.535541    1.012261
    4.540212    1.011825
    4.544883    1.013197
    4.549554    1.013235
    4.554225    1.013316
    4.558896    1.011441
    4.563567    1.012390
    4.568238    1.012577
    4.572909    1.011283
    4.577580    1.012540
    4.582251    1.012493
    4.586922    1.013492
    4.591593    1.013351
    4.596264    1.010759
    4.600935    1.008661
    4.605606    1.009987
    4.610277    1.009320
    4.614948    1.010480
    4.619619    1.011060
    4.624290    1.009678
    4.628961    1.009828
    4.633632    1.011505
    4.638303    1.011343
    4.642974    1.011110
    4.647645    1.010961
    4.652316    1.010763
    4.656987    1.008864
    4.661658    1.008687
    4.666329    1.009099
    4.671000    1.008099
