    0.004671    0.000000
    0.009342    0.000000
    0.014013    0.000000
    0.018684    0.000000
    0.023355    0.000000
    0.028026    0.000000
    0.032697    0.000000
    0.037368    0.000000
    0.042039    0.000000
    0.046710    0.000000
    0.051381    0.000000
    0.056052    0.000000
    0.060723    0.000000
    0.065394    0.000000
    0.070065    0.000000
    0.074736    0.000000
    0.079407    0.000000
    0.084078    0.000000
    0.088749    0.000000
    0.093420    0.000000
    0.098091    0.000000
    0.102762    0.000000
    0.107433    0.000000
    0.112104    0.000000
    0.116775    0.000000
    0.121446    0.000000
    0.126117    0.000000
    0.130788    0.000000
    0.135459    0.000000
    0.140130    0.000000
    0.144801    0.000000
    0.149472    0.000000
    0.154143    0.000000
    0.158814    0.000000
    0.163485    0.000000
    0.168156    0.000000
    0.172827    0.000000
    0.177498    0.000000
    0.182169    0.000000
    0.186840    0.000000
    0.191511    0.000000
    0.196182    0.000000
    0.200853    0.000000
    0.205524    0.000000
    0.210195    0.000000
    0.214866    0.000000
    0.219537    0.000000
    0.224208    0.000000
    0.228879    0.000000
    0.233550    0.000000
    0.238221    0.000000
    0.242892    0.000000
    0.247563    0.000000
    0.252234    0.000000
    0.256905    0.000000
    0.261576    0.000000
    0.266247    0.000000
    0.270918    0.000000
    0.275589    0.000000
    0.280260    0.000000
    0.284931    0.000000
    0.289602    0.000000
    0.294273    0.000000
    0.298944    0.000000
    0.303615    0.000000
    0.308286    0.000000
    0.312957    0.000000
    0.317628    0.000000
    0.322299    0.000000
    0.326970    0.000000
    0.331641    0.000000
    0.336312    0.000000
    0.340983    0.000000
    0.345654    0.000000
    0.350325    0.000000
    0.354996    0.000000
    0.359667    0.000000
    0.364338    0.000000
    0.369009    0.000000
    0.373680    0.000000
    0.378351    0.000000
    0.383022    0.000000
    0.387693    0.000000
    0.392364    0.000000
    0.397035    0.000000
    0.401706    0.000000
    0.406377    0.000000
    0.411048    0.000000
    0.415719    0.000000
    0.420390    0.000000
    0.425061    0.000000
    0.429732    0.000000
    0.434403    0.000000
    0.439074    0.000000
    0.443745    0.000000
    0.448416    0.000000
    0.453087    0.000000
    0.457758    0.000000
    0.462429    0.000000
    0.467100    0.000000
    0.471771    0.000000
    0.476442    0.000000
    0.481113    0.000000
    0.485784    0.000000
    0.490455    0.000000
    0.495126    0.000000
    0.499797    0.000000
    0.504468    0.000000
    0.509139    0.000000
    0.513810    0.000000
    0.518481    0.000000
    0.523152    0.000000
    0.527823    0.000000
    0.532494    0.000000
    0.537165    0.000000
    0.541836    0.000000
    0.546507    0.000000
    0.551178    0.000000
    0.555849    0.000000
    0.560520    0.000000
    0.565191    0.000000
    0.569862    0.000000
    0.574533    0.000000
    0.579204    0.000000
    0.583875    0.000000
    0.588546    0.000000
    0.593217    0.000000
    0.597888    0.000000
    0.602559    0.000000
    0.607230    0.000000
    0.611901    0.000000
    0.616572    0.000000
    0.621243    0.000000
    0.625914    0.000000
    0.630585    0.000000
    0.635256    0.000000
    0.639927    0.000000
    0.644598    0.000000
    0.649269    0.000000
    0.653940    0.000000
    0.658611    0.000000
    0.663282    0.000000
    0.667953    0.000000
    0.672624    0.000000
    0.677295    0.000000
    0.681966    0.000000
    0.686637    0.000000
    0.691308    0.000000
    0.695979    0.000000
    0.700650    0.000000
    0.705321    0.000000
    0.709992    0.000000
    0.714663    0.000000
    0.719334    0.000000
    0.724005    0.000000
    0.728676    0.000000
    0.733347    0.000000
    0.738018    0.000000
    0.742689    0.000000
    0.747360    0.000000
    0.752031    0.000000
    0.756702    0.000000
    0.761373    0.000000
    0.766044    0.000000
    0.770715    0.000000
    0.775386    0.000000
    0.780057    0.000000
    0.784728    0.000000
    0.789399    0.000000
    0.794070    0.000000
    0.798741    0.000000
    0.803412    0.000000
    0.808083    0.000000
    0.812754    0.000000
    0.817425    0.000000
    0.822096    0.000000
    0.826767    0.000070
    0.831438    0.000077
    0.836109    0.000240
    0.840780    0.000381
    0.845451    0.000777
    0.850122    0.002746
    0.854793    0.004675
    0.859464    0.008673
    0.864135    0.013343
    0.868806    0.022701
    0.873477    0.037487
    0.878148    0.057714
    0.882819    0.080509
    0.887490    0.110459
    0.892161    0.154249
    0.896832    0.211072
    0.901503    0.274370
    0.906174    0.342845
    0.910845    0.424646
    0.915516    0.522835
    0.920187    0.627715
    0.924858    0.743619
    0.929529    0.874141
    0.934200    0.999949
    0.938871    1.138289
    0.943542    1.287695
    0.948213    1.439227
    0.952884    1.586505
    0.957555    1.712266
    0.962226    1.864597
    0.966897    1.992989
    0.971568    2.138049
    0.976239    2.248719
    0.980910    2.357500
    0.985581    2.456940
    0.990252    2.547372
    0.994923    2.637607
    0.999594    2.681079
    1.004265    2.726237
    1.008936    2.772413
    1.013607    2.818667
    1.018278    2.839500
    1.022949    2.868677
    1.027620    2.886996
    1.032291    2.903743
    1.036962    2.900281
    1.041633    2.890476
    1.046304    2.873113
    1.050975    2.839408
    1.055646    2.812281
    1.060317    2.781901
    1.064988    2.750094
    1.069659    2.705715
    1.074330    2.658506
    1.079001    2.608295
    1.083672    2.560306
    1.088343    2.516142
    1.093014    2.468073
    1.097685    2.420425
    1.102356    2.348092
    1.107027    2.281777
    1.111698    2.220490
    1.116369    2.166330
    1.121040    2.113930
    1.125711    2.052695
    1.130382    2.002375
    1.135053    1.954371
    1.139724    1.897147
    1.144395    1.854406
    1.149066    1.806037
    1.153737    1.752580
    1.158408    1.695800
    1.163079    1.651140
    1.167750    1.593356
    1.172421    1.558876
    1.177092    1.503071
    1.181763    1.467236
    1.186434    1.420557
    1.191105    1.372065
    1.195776    1.336174
    1.200447    1.281714
    1.205118    1.240673
    1.209789    1.198079
    1.214460    1.150565
    1.219131    1.117544
    1.223802    1.087245
    1.228473    1.061289
    1.233144    1.032742
    1.237815    0.990633
    1.242486    0.971157
    1.247157    0.948661
    1.251828    0.910603
    1.256499    0.885957
    1.261170    0.861491
    1.265841    0.837188
    1.270512    0.817569
    1.275183    0.793288
    1.279854    0.771535
    1.284525    0.748695
    1.289196    0.736173
    1.293867    0.719149
    1.298538    0.697089
    1.303209    0.685367
    1.307880    0.668689
    1.312551    0.647826
    1.317222    0.642970
    1.321893    0.629357
    1.326564    0.618989
    1.331235    0.601620
    1.335906    0.589059
    1.340577    0.579269
    1.345248    0.569598
    1.349919    0.563275
    1.354590    0.556917
    1.359261    0.550900
    1.363932    0.543040
    1.368603    0.536120
    1.373274    0.533075
    1.377945    0.526045
    1.382616    0.522924
    1.387287    0.518525
    1.391958    0.516965
    1.396629    0.514380
    1.401300    0.514969
    1.405971    0.509525
    1.410642    0.511621
    1.415313    0.508412
    1.419984    0.517614
    1.424655    0.514542
    1.429326    0.511967
    1.433997    0.514830
    1.438668    0.513689
    1.443339    0.513825
    1.448010    0.517670
    1.452681    0.516998
    1.457352    0.518739
    1.462023    0.512552
    1.466694    0.520320
    1.471365    0.515487
    1.476036    0.517310
    1.480707    0.522081
    1.485378    0.529374
    1.490049    0.532291
    1.494720    0.528464
    1.499391    0.530410
    1.504062    0.536866
    1.508733    0.544441
    1.513404    0.542473
    1.518075    0.544009
    1.522746    0.548925
    1.527417    0.553083
    1.532088    0.560148
    1.536759    0.565507
    1.541430    0.573769
    1.546101    0.572834
    1.550772    0.569998
    1.555443    0.578129
    1.560114    0.583442
    1.564785    0.590483
    1.569456    0.597588
    1.574127    0.604750
    1.578798    0.610012
    1.583469    0.614860
    1.588140    0.615938
    1.592811    0.625613
    1.597482    0.634378
    1.602153    0.639602
    1.606824    0.648747
    1.611495    0.658502
    1.616166    0.666211
    1.620837    0.675990
    1.625508    0.684565
    1.630179    0.693571
    1.634850    0.692124
    1.639521    0.703246
    1.644192    0.714433
    1.648863    0.725576
    1.653534    0.736620
    1.658205    0.750058
    1.662876    0.761952
    1.667547    0.772977
    1.672218    0.777115
    1.676889    0.790214
    1.681560    0.803875
    1.686231    0.819499
    1.690902    0.831375
    1.695573    0.849094
    1.700244    0.862246
    1.704915    0.877857
    1.709586    0.896539
    1.714257    0.914572
    1.718928    0.930942
    1.723599    0.946912
    1.728270    0.960587
    1.732941    0.981024
    1.737612    0.996659
    1.742283    1.016647
    1.746954    1.029154
    1.751625    1.046924
    1.756296    1.067443
    1.760967    1.080288
    1.765638    1.095890
    1.770309    1.113917
    1.774980    1.132574
    1.779651    1.148605
    1.784322    1.163823
    1.788993    1.179646
    1.793664    1.198247
    1.798335    1.215260
    1.803006    1.231661
    1.807677    1.243132
    1.812348    1.254363
    1.817019    1.272256
    1.821690    1.282256
    1.826361    1.294776
    1.831032    1.304985
    1.835703    1.316638
    1.840374    1.330059
    1.845045    1.337789
    1.849716    1.343691
    1.854387    1.344081
    1.859058    1.348147
    1.863729    1.356410
    1.868400    1.358972
    1.873071    1.365234
    1.877742    1.367902
    1.882413    1.372397
    1.887084    1.378127
    1.891755    1.378323
    1.896426    1.372144
    1.901097    1.379766
    1.905768    1.376278
    1.910439    1.378561
    1.915110    1.374843
    1.919781    1.377630
    1.924452    1.373283
    1.929123    1.368932
    1.933794    1.361871
    1.938465    1.364209
    1.943136    1.352297
    1.947807    1.346034
    1.952478    1.342877
    1.957149    1.344933
    1.961820    1.337446
    1.966491    1.325987
    1.971162    1.317807
    1.975833    1.313461
    1.980504    1.304889
    1.985175    1.300718
    1.989846    1.294336
    1.994517    1.286109
    1.999188    1.274539
    2.003859    1.263745
    2.008530    1.253851
    2.013201    1.242835
    2.017872    1.236886
    2.022543    1.229580
    2.027214    1.222419
    2.031885    1.213196
    2.036556    1.198243
    2.041227    1.190631
    2.045898    1.181485
    2.050569    1.172642
    2.055240    1.164134
    2.059911    1.157231
    2.064582    1.144281
    2.069253    1.134046
    2.073924    1.125523
    2.078595    1.119203
    2.083266    1.102182
    2.087937    1.097418
    2.092608    1.089055
    2.097279    1.073912
    2.101950    1.064195
    2.106621    1.054445
    2.111292    1.044438
    2.115963    1.041219
    2.120634    1.037095
    2.125305    1.025259
    2.129976    1.021191
    2.134647    1.017937
    2.139318    1.005039
    2.143989    0.997903
    2.148660    0.989148
    2.153331    0.983140
    2.158002    0.972916
    2.162673    0.965276
    2.167344    0.955818
    2.172015    0.950854
    2.176686    0.946789
    2.181357    0.938528
    2.186028    0.929897
    2.190699    0.922562
    2.195370    0.912849
    2.200041    0.910967
    2.204712    0.908239
    2.209383    0.903371
    2.214054    0.901183
    2.218725    0.895472
    2.223396    0.890663
    2.228067    0.890125
    2.232738    0.888326
    2.237409    0.883172
    2.242080    0.877528
    2.246751    0.876243
    2.251422    0.874668
    2.256093    0.872664
    2.260764    0.872095
    2.265435    0.868652
    2.270106    0.863343
    2.274777    0.864897
    2.279448    0.861697
    2.284119    0.860861
    2.288790    0.861800
    2.293461    0.860294
    2.298132    0.857474
    2.302803    0.856396
    2.307474    0.862082
    2.312145    0.855582
    2.316816    0.858283
    2.321487    0.862742
    2.326158    0.859081
    2.330829    0.862209
    2.335500    0.858427
    2.340171    0.856431
    2.344842    0.857546
    2.349513    0.859165
    2.354184    0.862813
    2.358855    0.862668
    2.363526    0.860120
    2.368197    0.865091
    2.372868    0.867273
    2.377539    0.861262
    2.382210    0.864569
    2.386881    0.865832
    2.391552    0.867099
    2.396223    0.867537
    2.400894    0.868947
    2.405565    0.869430
    2.410236    0.873401
    2.414907    0.873968
    2.419578    0.872729
    2.424249    0.869378
    2.428920    0.870882
    2.433591    0.875864
    2.438262    0.875236
    2.442933    0.875348
    2.447604    0.874739
    2.452275    0.877508
    2.456946    0.877834
    2.461617    0.882469
    2.466288    0.885062
    2.470959    0.882044
    2.475630    0.880172
    2.480301    0.876599
    2.484972    0.880021
    2.489643    0.881179
    2.494314    0.882920
    2.498985    0.885586
    2.503656    0.887709
    2.508327    0.886325
    2.512998    0.887171
    2.517669    0.885408
    2.522340    0.889012
    2.527011    0.890342
    2.531682    0.885637
    2.536353    0.884593
    2.541024    0.883713
    2.545695    0.884929
    2.550366    0.888411
    2.555037    0.893292
    2.559708    0.892405
    2.564379    0.889914
    2.569050    0.889348
    2.573721    0.889671
    2.578392    0.893376
    2.583063    0.890741
    2.587734    0.892004
    2.592405    0.896536
    2.597076    0.893049
    2.601747    0.895027
    2.606418    0.897863
    2.611089    0.902035
    2.615760    0.907875
    2.620431    0.912476
    2.625102    0.911909
    2.629773    0.916262
    2.634444    0.918779
    2.639115    0.919810
    2.643786    0.921258
    2.648457    0.927972
    2.653128    0.932773
    2.657799    0.937286
    2.662470    0.941700
    2.667141    0.952373
    2.671812    0.955326
    2.676483    0.959667
    2.681154    0.965280
    2.685825    0.965171
    2.690496    0.975925
    2.695167    0.982642
    2.699838    0.988960
    2.704509    0.996171
    2.709180    1.006887
    2.713851    1.012774
    2.718522    1.018339
    2.723193    1.025432
    2.727864    1.029286
    2.732535    1.041736
    2.737206    1.044023
    2.741877    1.051349
    2.746548    1.058642
    2.751219    1.067499
    2.755890    1.074822
    2.760561    1.081292
    2.765232    1.089004
    2.769903    1.094126
    2.774574    1.101874
    2.779245    1.110360
    2.783916    1.116953
    2.788587    1.121428
    2.793258    1.125536
    2.797929    1.131685
    2.802600    1.136003
    2.807271    1.148412
    2.811942    1.150936
    2.816613    1.157498
    2.821284    1.159683
    2.825955    1.160771
    2.830626    1.165574
    2.835297    1.173388
    2.839968    1.174468
    2.844639    1.182894
    2.849310    1.183010
    2.853981    1.186861
    2.858652    1.191633
    2.863323    1.196786
    2.867994    1.195607
    2.872665    1.198466
    2.877336    1.197557
    2.882007    1.200018
    2.886678    1.198078
    2.891349    1.196488
    2.896020    1.197331
    2.900691    1.192870
    2.905362    1.193332
    2.910033    1.191021
    2.914704    1.186957
    2.919375    1.182348
    2.924046    1.181728
    2.928717    1.179366
    2.933388    1.176111
    2.938059    1.170074
    2.942730    1.166018
    2.947401    1.161862
    2.952072    1.159309
    2.956743    1.152762
    2.961414    1.149201
    2.966085    1.148225
    2.970756    1.139890
    2.975427    1.133230
    2.980098    1.123517
    2.984769    1.120581
    2.989440    1.110041
    2.994111    1.104759
    2.998782    1.101721
    3.003453    1.090866
    3.008124    1.084969
    3.012795    1.076813
    3.017466    1.070888
    3.022137    1.060594
    3.026808    1.052947
    3.031479    1.049072
    3.036150    1.041841
    3.040821    1.034215
    3.045492    1.029176
    3.050163    1.024354
    3.054834    1.016050
    3.059505    1.008913
    3.064176    1.004650
    3.068847    0.998422
    3.073518    0.990203
    3.078189    0.985125
    3.082860    0.982264
    3.087531    0.976731
    3.092202    0.970863
    3.096873    0.965020
    3.101544    0.962199
    3.106215    0.957328
    3.110886    0.952113
    3.115557    0.947572
    3.120228    0.943538
    3.124899    0.943317
    3.129570    0.941636
    3.134241    0.936186
    3.138912    0.930885
    3.143583    0.930361
    3.148254    0.928368
    3.152925    0.927705
    3.157596    0.924824
    3.162267    0.920777
    3.166938    0.920934
    3.171609    0.919872
    3.176280    0.920074
    3.180951    0.921619
    3.185622    0.917641
    3.190293    0.917010
    3.194964    0.916452
    3.199635    0.915877
    3.204306    0.914553
    3.208977    0.913241
    3.213648    0.916022
    3.218319    0.914087
    3.222990    0.918280
    3.227661    0.919704
    3.232332    0.919346
    3.237003    0.920556
    3.241674    0.918092
    3.246345    0.917857
    3.251016    0.919879
    3.255687    0.917986
    3.260358    0.920158
    3.265029    0.925041
    3.269700    0.922301
    3.274371    0.924202
    3.279042    0.923789
    3.283713    0.924269
    3.288384    0.926675
    3.293055    0.926880
    3.297726    0.928224
    3.302397    0.927919
    3.307068    0.924189
    3.311739    0.927006
    3.316410    0.928249
    3.321081    0.932178
    3.325752    0.932602
    3.330423    0.930887
    3.335094    0.931401
    3.339765    0.929440
    3.344436    0.934514
    3.349107    0.937233
    3.353778    0.937478
    3.358449    0.937846
    3.363120    0.935503
    3.367791    0.939490
    3.372462    0.940484
    3.377133    0.938172
    3.381804    0.937882
    3.386475    0.936225
    3.391146    0.937119
    3.395817    0.936539
    3.400488    0.939159
    3.405159    0.941120
    3.409830    0.941757
    3.414501    0.939131
    3.419172    0.940862
    3.423843    0.940325
    3.428514    0.940436
    3.433185    0.938546
    3.437856    0.941359
    3.442527    0.939657
    3.447198    0.942085
    3.451869    0.943712
    3.456540    0.942572
    3.461211    0.941059
    3.465882    0.943920
    3.470553    0.943966
    3.475224    0.944115
    3.479895    0.944516
    3.484566    0.946271
    3.489237    0.947591
    3.493908    0.948441
    3.498579    0.949633
    3.503250    0.950090
    3.507921    0.950838
    3.512592    0.950382
    3.517263    0.950983
    3.521934    0.950580
    3.526605    0.949393
    3.531276    0.949721
    3.535947    0.953304
    3.540618    0.954161
    3.545289    0.955238
    3.549960    0.954372
    3.554631    0.957888
    3.559302    0.959038
    3.563973    0.955082
    3.568644    0.961434
    3.573315    0.960421
    3.577986    0.958484
    3.582657    0.962679
    3.587328    0.963235
    3.591999    0.962760
    3.596670    0.965610
    3.601341    0.968343
    3.606012    0.967740
    3.610683    0.968732
    3.615354    0.971434
    3.620025    0.974166
    3.624696    0.976803
    3.629367    0.974361
    3.634038    0.976940
    3.638709    0.980173
    3.643380    0.984215
    3.648051    0.985190
    3.652722    0.986827
    3.657393    0.988753
    3.662064    0.990464
    3.666735    0.994033
    3.671406    0.993825
    3.676077    0.995520
    3.680748    1.000413
    3.685419    1.002644
    3.690090    1.004638
    3.694761    1.009377
    3.699432    1.013141
    3.704103    1.014827
    3.708774    1.018509
    3.713445    1.023236
    3.718116    1.025467
    3.722787    1.030158
    3.727458    1.032285
    3.732129    1.035774
    3.736800    1.040496
    3.741471    1.040708
    3.746142    1.044134
    3.750813    1.049786
    3.755484    1.053557
    3.760155    1.054999
    3.764826    1.059524
    3.769497    1.064063
    3.774168    1.068867
    3.778839    1.072187
    3.783510    1.075563
    3.788181    1.078602
    3.792852    1.080314
    3.797523    1.085990
    3.802194    1.087597
    3.806865    1.093054
    3.811536    1.094371
    3.816207    1.095694
    3.820878    1.096792
    3.825549    1.101174
    3.830220    1.101989
    3.834891    1.104041
    3.839562    1.107922
    3.844233    1.111790
    3.848904    1.114527
    3.853575    1.114828
    3.858246    1.113576
    3.862917    1.115563
    3.867588    1.120666
    3.872259    1.122840
    3.876930    1.118153
    3.881601    1.121734
    3.886272    1.121275
    3.890943    1.125817
    3.895614    1.127690
    3.900285    1.128882
    3.904956    1.127781
    3.909627    1.127213
    3.914298    1.125553
    3.918969    1.125190
    3.923640    1.124049
    3.928311    1.122611
    3.932982    1.122592
    3.937653    1.121111
    3.942324    1.118843
    3.946995    1.117677
    3.951666    1.114353
    3.956337    1.110075
    3.961008    1.107657
    3.965679    1.107463
    3.970350    1.103455
    3.975021    1.098585
    3.979692    1.092696
    3.984363    1.088337
    3.989034    1.083171
    3.993705    1.083475
    3.998376    1.077032
    4.003047    1.071403
    4.007718    1.067736
    4.012389    1.064329
    4.017060    1.060092
    4.021731    1.055220
    4.026402    1.051338
    4.031073    1.050315
    4.035744    1.045209
    4.040415    1.038987
    4.045086    1.032358
    4.049757    1.027922
    4.054428    1.024349
    4.059099    1.019303
    4.063770    1.015866
    4.068441    1.013855
    4.073112    1.005577
    4.077783    1.004079
    4.082454    0.996930
    4.087125    0.990473
    4.091796    0.987120
    4.096467    0.985238
    4.101138    0.980373
    4.105809    0.976759
    4.110480    0.971950
    4.115151    0.968288
    4.119822    0.964713
    4.124493    0.959641
    4.129164    0.956879
    4.133835    0.952275
    4.138506    0.947435
    4.143177    0.942239
    4.147848    0.939860
    4.152519    0.935168
    4.157190    0.928490
    4.161861    0.926981
    4.166532    0.922733
    4.171203    0.920950
    4.175874    0.917001
    4.180545    0.913798
    4.185216    0.909277
    4.189887    0.908190
    4.194558    0.905442
    4.199229    0.902348
    4.203900    0.901866
    4.208571    0.900224
    4.213242    0.898876
    4.217913    0.895446
    4.222584    0.893498
    4.227255    0.889711
    4.231926    0.887979
    4.236597    0.885111
    4.241268    0.884164
    4.245939    0.883806
    4.250610    0.884638
    4.255281    0.883803
    4.259952    0.882986
    4.264623    0.882110
    4.269294    0.882359
    4.273965    0.882561
    4.278636    0.882533
    4.283307    0.882793
    4.287978    0.879885
    4.292649    0.884029
    4.297320    0.882422
    4.301991    0.881304
    4.306662    0.881320
    4.311333    0.885139
    4.316004    0.884276
    4.320675    0.884217
    4.325346    0.884902
    4.330017    0.887486
    4.334688    0.885596
    4.339359    0.888206
    4.344030    0.890329
    4.348701    0.891550
    4.353372    0.892395
    4.358043    0.892798
    4.362714    0.896752
    4.367385    0.900832
    4.372056    0.902274
    4.376727    0.905465
    4.381398    0.908517
    4.386069    0.909141
    4.390740    0.912711
    4.395411    0.914491
    4.400082    0.918331
    4.404753    0.919413
    4.409424    0.923568
    4.414095    0.926527
    4.418766    0.928309
    4.423437    0.931257
    4.428108    0.934415
    4.432779    0.937766
    4.437450    0.940974
    4.442121    0.940898
    4.446792    0.942182
    4.451463    0.945648
    4.456134    0.951530
    4.460805    0.954531
    4.465476    0.957088
    4.470147    0.961047
    4.474818    0.964808
    4.479489    0.969041
    4.484160    0.973256
    4.488831    0.976999
    4.493502    0.981801
    4.498173    0.982151
    4.502844    0.985829
    4.507515    0.989444
    4.512186    0.992902
    4.516857    0.994739
    4.521528    0.998135
    4.526199    1.003266
    4.530870    1.007365
    4.535541    1.009928
    4.540212    1.013416
    4.544883    1.018601
    4.549554    1.021026
    4.554225    1.024850
    4.558896    1.026091
    4.563567    1.032095
    4.568238    1.037127
    4.572909    1.040964
    4.577580    1.042961
    4.582251    1.046887
    4.586922    1.051534
    4.591593    1.054562
    4.596264    1.053052
    4.600935    1.056842
    4.605606    1.061859
    4.610277    1.062101
    4.614948    1.064984
    4.619619    1.069029
    4.624290    1.072693
    4.628961    1.075159
    4.633632    1.078329
    4.638303    1.079907
    4.642974    1.080938
    4.647645    1.083945
    4.652316    1.084425
    4.656987    1.086204
    4.661658    1.088958
    4.666329    1.090956
    4.671000    1.094352
