    0.004671    0.000000
    0.009342    0.000000
    0.014013    0.000000
    0.018684    0.000000
    0.023355    0.000000
    0.028026    0.000000
    0.032697    0.000000
    0.037368    0.000000
    0.042039    0.000000
    0.046710    0.000000
    0.051381    0.000000
    0.056052    0.000000
    0.060723    0.000000
    0.065394    0.000000
    0.070065    0.000000
    0.074736    0.000000
    0.079407    0.000000
    0.084078    0.000000
    0.088749    0.000000
    0.093420    0.000000
    0.098091    0.000000
    0.102762    0.000000
    0.107433    0.000000
    0.112104    0.000000
    0.116775    0.000000
    0.121446    0.000000
    0.126117    0.000000
    0.130788    0.000000
    0.135459    0.000000
    0.140130    0.000000
    0.144801    0.000000
    0.149472    0.000000
    0.154143    0.000000
    0.158814    0.000000
    0.163485    0.000000
    0.168156    0.000000
    0.172827    0.000000
    0.177498    0.000000
    0.182169    0.000000
    0.186840    0.000000
    0.191511    0.000000
    0.196182    0.000000
    0.200853    0.000000
    0.205524    0.000000
    0.210195    0.000000
    0.214866    0.000000
    0.219537    0.000000
    0.224208    0.000000
    0.228879    0.000000
    0.233550    0.000000
    0.238221    0.000000
    0.242892    0.000000
    0.247563    0.000000
    0.252234    0.000000
    0.256905    0.000000
    0.261576    0.000000
    0.266247    0.000000
    0.270918    0.000000
    0.275589    0.000000
    0.280260    0.000000
    0.284931    0.000000
    0.289602    0.000000
    0.294273    0.000000
    0.298944    0.000000
    0.303615    0.000000
    0.308286    0.000000
    0.312957    0.000000
    0.317628    0.000000
    0.322299    0.000000
    0.326970    0.000000
    0.331641    0.000000
    0.336312    0.000000
    0.340983    0.000000
    0.345654    0.000000
    0.350325    0.000000
    0.354996    0.000000
    0.359667    0.000000
    0.364338    0.000000
    0.369009    0.000000
    0.373680    0.000000
    0.378351    0.000000
    0.383022    0.000000
    0.387693    0.000000
    0.392364    0.000000
    0.397035    0.000000
    0.401706    0.000000
    0.406377    0.000000
    0.411048    0.000000
    0.415719    0.000000
    0.420390    0.000000
    0.425061    0.000000
    0.429732    0.000000
    0.434403    0.000000
    0.439074    0.000000
    0.443745    0.000000
    0.448416    0.000000
    0.453087    0.000000
    0.457758    0.000000
    0.462429    0.000000
    0.467100    0.000000
    0.471771    0.000000
    0.476442    0.000000
    0.481113    0.000000
    0.485784    0.000000
    0.490455    0.000000
    0.495126    0.000000
    0.499797    0.000000
    0.504468    0.000000
    0.509139    0.000000
    0.513810    0.000000
    0.518481    0.000000
    0.523152    0.000000
    0.527823    0.000000
    0.532494    0.000000
    0.537165    0.000000
    0.541836    0.000000
    0.546507    0.000000
    0.551178    0.000000
    0.555849    0.000000
    0.560520    0.000000
    0.565191    0.000000
    0.569862    0.000000
    0.574533    0.000000
    0.579204    0.000000
    0.583875    0.000000
    0.588546    0.000000
    0.593217    0.000000
    0.597888    0.000000
    0.602559    0.000000
    0.607230    0.000000
    0.611901    0.000000
    0.616572    0.000000
    0.621243    0.000000
    0.625914    0.000000
    0.630585    0.000000
    0.635256    0.000000
    0.639927    0.000000
    0.644598    0.000000
    0.649269    0.000000
    0.653940    0.000000
    0.658611    0.000000
    0.663282    0.000000
    0.667953    0.000000
    0.672624    0.000000
    0.677295    0.000000
    0.681966    0.000000
    0.686637    0.000000
    0.691308    0.000000
    0.695979    0.000000
    0.700650    0.000000
    0.705321    0.000000
    0.709992    0.000000
    0.714663    0.000000
    0.719334    0.000000
    0.724005    0.000000
    0.728676    0.000000
    0.733347    0.000000
    0.738018    0.000000
    0.742689    0.000000
    0.747360    0.000000
    0.752031    0.000000
    0.756702    0.000000
    0.761373    0.000000
    0.766044    0.000000
    0.770715    0.000000
    0.775386    0.000000
    0.780057    0.000000
    0.784728    0.000000
    0.789399    0.000000
    0.794070    0.000000
    0.798741    0.000000
    0.803412    0.000000
    0.808083    0.000000
    0.812754    0.000000
    0.817425    0.000000
    0.822096    0.000000
    0.826767    0.000003
    0.831438    0.000006
    0.836109    0.000017
    0.840780    0.000033
    0.845451    0.000068
    0.850122    0.000191
    0.854793    0.000404
    0.859464    0.000802
    0.864135    0.001422
    0.868806    0.002488
    0.873477    0.004267
    0.878148    0.007036
    0.882819    0.010939
    0.887490    0.016350
    0.892161    0.023987
    0.896832    0.034547
    0.901503    0.048418
    0.906174    0.065930
    0.910845    0.087844
    0.915516    0.115103
    0.920187    0.148165
    0.924858    0.187730
    0.929529    0.234711
    0.934200    0.288995
    0.938871    0.351409
    0.943542    0.422719
    0.948213    0.503211
    0.952884    0.592817
    0.957555    0.690476
    0.962226    0.797863
    0.966897    0.913762
    0.971568    1.039301
    0.976239    1.172610
    0.980910    1.313709
    0.985581    1.462164
    0.990252    1.617545
    0.994923    1.779951
    0.999594    1.946588
    1.004265    2.117618
    1.008936    2.293168
    1.013607    2.473302
    1.018278    2.656444
    1.022949    2.843170
    1.027620    3.032808
    1.032291    3.225284
    1.036962    3.419274
    1.041633    3.614354
    1.046304    3.810005
    1.050975    4.005091
    1.055646    4.200035
    1.060317    4.394583
    1.064988    4.588605
    1.069659    4.781174
    1.074330    4.972039
    1.079001    5.160932
    1.083672    5.347957
    1.088343    5.533345
    1.093014    5.716755
    1.097685    5.898165
    1.102356    6.075655
    1.107027    6.249596
    1.111698    6.420297
    1.116369    6.588237
    1.121040    6.753489
    1.125711    6.915294
    1.130382    7.074445
    1.135053    7.231068
    1.139724    7.384358
    1.144395    7.535425
    1.149066    7.683755
    1.153737    7.828868
    1.158408    7.970419
    1.163079    8.109355
    1.167750    8.244508
    1.172421    8.377797
    1.177092    8.507340
    1.181763    8.634800
    1.186434    8.759183
    1.191105    8.880267
    1.195776    8.999111
    1.200447    9.114003
    1.205118    9.226084
    1.209789    9.335157
    1.214460    9.440715
    1.219131    9.544034
    1.223802    9.645323
    1.228473    9.744951
    1.233144    9.842637
    1.237815    9.937052
    1.242486   10.030310
    1.247157   10.122094
    1.251828   10.210857
    1.256499   10.297863
    1.261170   10.383097
    1.265841   10.466541
    1.270512   10.548632
    1.275183   10.628872
    1.279854   10.707484
    1.284525   10.784327
    1.289196   10.860435
    1.293867   10.935323
    1.298538   11.008439
    1.303209   11.080843
    1.307880   11.151993
    1.312551   11.221416
    1.317222   11.290811
    1.321893   11.359218
    1.326564   11.426975
    1.331235   11.493295
    1.335906   11.558687
    1.340577   11.623443
    1.345248   11.687562
    1.349919   11.751410
    1.354590   11.814976
    1.359261   11.878288
    1.363932   11.941128
    1.368603   12.003592
    1.373274   12.066126
    1.377945   12.128256
    1.382616   12.190436
    1.387287   12.252511
    1.391958   12.314817
    1.396629   12.377228
    1.401300   12.440129
    1.405971   12.502781
    1.410642   12.566108
    1.415313   12.629457
    1.419984   12.694378
    1.424655   12.759339
    1.429326   12.824400
    1.433997   12.890253
    1.438668   12.956388
    1.443339   13.022972
    1.448010   13.090488
    1.452681   13.158353
    1.457352   13.226884
    1.462023   13.295033
    1.466694   13.364658
    1.471365   13.434076
    1.476036   13.504183
    1.480707   13.575384
    1.485378   13.648037
    1.490049   13.721550
    1.494720   13.794993
    1.499391   13.869167
    1.504062   13.944713
    1.508733   14.021802
    1.513404   14.099088
    1.518075   14.177072
    1.522746   14.256246
    1.527417   14.336510
    1.532088   14.418297
    1.536759   14.501370
    1.541430   14.586171
    1.546101   14.671347
    1.550772   14.756615
    1.555443   14.843620
    1.560114   14.931953
    1.564785   15.021889
    1.569456   15.113450
    1.574127   15.206662
    1.578798   15.301243
    1.583469   15.397141
    1.588140   15.493775
    1.592811   15.592505
    1.597482   15.693206
    1.602153   15.795330
    1.606824   15.899520
    1.611495   16.005893
    1.616166   16.114135
    1.620837   16.224602
    1.625508   16.337116
    1.630179   16.451767
    1.634850   16.566834
    1.639521   16.684420
    1.644192   16.804558
    1.648863   16.927264
    1.653534   17.052545
    1.658205   17.180833
    1.662876   17.311890
    1.667547   17.445592
    1.672218   17.580763
    1.676889   17.718982
    1.681560   17.860375
    1.686231   18.005317
    1.690902   18.153176
    1.695573   18.305022
    1.700244   18.460071
    1.704915   18.618795
    1.709586   18.781786
    1.714257   18.948966
    1.718928   19.120067
    1.723599   19.295050
    1.728270   19.473523
    1.732941   19.656780
    1.737612   19.843963
    1.742283   20.035928
    1.746954   20.231298
    1.751625   20.431105
    1.756296   20.635916
    1.760967   20.844296
    1.765638   21.056809
    1.770309   21.273961
    1.774980   21.495917
    1.779651   21.722202
    1.784322   21.952689
    1.788993   22.187535
    1.793664   22.427331
    1.798335   22.671800
    1.803006   22.920858
    1.807677   23.173539
    1.812348   23.429822
    1.817019   23.691103
    1.821690   23.955793
    1.826361   24.224440
    1.831032   24.496592
    1.835703   24.772577
    1.840374   25.052795
    1.845045   25.336075
    1.849716   25.622047
    1.854387   25.909548
    1.859058   26.199374
    1.863729   26.492444
    1.868400   26.787540
    1.873071   27.085481
    1.877742   27.385494
    1.882413   27.687993
    1.887084   27.993264
    1.891755   28.300092
    1.896426   28.607054
    1.901097   28.917244
    1.905768   29.228172
    1.910439   29.541145
    1.915110   29.854802
    1.919781   30.170629
    1.924452   30.486994
    1.929123   30.803889
    1.933794   31.120678
    1.938465   31.439545
    1.943136   31.757154
    1.947807   32.074814
    1.952478   32.393250
    1.957149   32.713701
    1.961820   33.033892
    1.966491   33.352852
    1.971162   33.671353
    1.975833   33.990309
    1.980504   34.308684
    1.985175   34.627540
    1.989846   34.946327
    1.994517   35.264576
    1.999188   35.581441
    2.003859   35.897092
    2.008530   36.211734
    2.013201   36.525064
    2.017872   36.838342
    2.022543   37.151214
    2.027214   37.463702
    2.031885   37.775263
    2.036556   38.084400
    2.041227   38.392984
    2.045898   38.700601
    2.050569   39.007311
    2.055240   39.313185
    2.059911   39.618628
    2.064582   39.922025
    2.069253   40.224070
    2.073924   40.525200
    2.078595   40.825989
    2.083266   41.123537
    2.087937   41.421129
    2.092608   41.717775
    2.097279   42.011604
    2.101950   42.304073
    2.106621   42.595152
    2.111292   42.884749
    2.115963   43.174731
    2.120634   43.464842
    2.125305   43.752907
    2.129976   44.041091
    2.134647   44.329618
    2.139318   44.615738
    2.143989   44.901068
    2.148660   45.185128
    2.153331   45.468692
    2.158002   45.750526
    2.162673   46.031358
    2.167344   46.310641
    2.172015   46.589673
    2.176686   46.868708
    2.181357   47.146497
    2.186028   47.422911
    2.190699   47.698318
    2.195370   47.971988
    2.200041   48.246258
    2.204712   48.520869
    2.209383   48.795167
    2.214054   49.069958
    2.218725   49.344162
    2.223396   49.618042
    2.228067   49.892908
    2.232738   50.168370
    2.237409   50.443381
    2.242080   50.717777
    2.246751   50.992913
    2.251422   51.268698
    2.256093   51.544995
    2.260764   51.822255
    2.265435   52.099564
    2.270106   52.376315
    2.274777   52.654706
    2.279448   52.933208
    2.284119   53.212581
    2.288790   53.493404
    2.293461   53.774881
    2.298132   54.056580
    2.302803   54.339069
    2.307474   54.624589
    2.312145   54.909104
    2.316816   55.195672
    2.321487   55.484892
    2.326158   55.774044
    2.330829   56.065415
    2.335500   56.356673
    2.340171   56.648416
    2.344842   56.941707
    2.349513   57.236724
    2.354184   57.534172
    2.358855   57.832752
    2.363526   58.131629
    2.368197   58.433424
    2.372868   58.737174
    2.377539   59.040008
    2.382210   59.345200
    2.386881   59.652038
    2.391552   59.960529
    2.396223   60.270383
    2.400894   60.581951
    2.405565   60.894907
    2.410236   61.210514
    2.414907   61.527551
    2.419578   61.845364
    2.424249   62.163181
    2.428920   62.482776
    2.433591   62.805436
    2.438262   63.129104
    2.442933   63.454055
    2.447604   63.780023
    2.452275   64.108272
    2.456946   64.437895
    2.461617   64.770520
    2.466288   65.105389
    2.470959   65.440381
    2.475630   65.775928
    2.480301   66.111375
    2.484972   66.449401
    2.489643   66.789145
    2.494314   67.130839
    2.498985   67.474850
    2.503656   67.820975
    2.508327   68.167852
    2.512998   68.516354
    2.517669   68.865458
    2.522340   69.217285
    2.527011   69.570944
    2.531682   69.924036
    2.536353   70.278015
    2.541024   70.632944
    2.545695   70.989671
    2.550366   71.349116
    2.555037   71.711861
    2.559708   72.075572
    2.564379   72.439593
    2.569050   72.804709
    2.573721   73.171287
    2.578392   73.540729
    2.583063   73.910417
    2.587734   74.281969
    2.592405   74.656759
    2.597076   75.031437
    2.601747   75.408297
    2.606418   75.787710
    2.611089   76.170253
    2.615760   76.556652
    2.620431   76.946397
    2.625102   77.337290
    2.629773   77.731448
    2.634444   78.128094
    2.639115   78.526594
    2.643786   78.927136
    2.648457   79.332024
    2.653128   79.740443
    2.657799   80.152285
    2.662470   80.567521
    2.667141   80.988939
    2.671812   81.413145
    2.676483   81.840771
    2.681154   82.272400
    2.685825   82.705485
    2.690496   83.144920
    2.695167   83.588918
    2.699838   84.037321
    2.704509   84.490557
    2.709180   84.950253
    2.713851   85.414232
    2.718522   85.882368
    2.723193   86.355385
    2.727864   86.831811
    2.732535   87.315652
    2.737206   87.802215
    2.741877   88.293866
    2.746548   88.790616
    2.751219   89.293227
    2.755890   89.801005
    2.760561   90.313573
    2.765232   90.831545
    2.769903   91.353714
    2.774574   91.881355
    2.779245   92.414851
    2.783916   92.953320
    2.788587   93.495763
    2.793258   94.042018
    2.797929   94.593095
    2.802600   95.148124
    2.807271   95.711088
    2.811942   96.277168
    2.816613   96.848368
    2.821284   97.422547
    2.825955   97.999168
    2.830626   98.580091
    2.835297   99.166841
    2.839968   99.756067
    2.844639  100.351474
    2.849310  100.948896
    2.853981  101.550231
    2.858652  102.155961
    2.863323  102.766299
    2.867994  103.378028
    2.872665  103.993218
    2.877336  104.609943
    2.882007  105.229943
    2.886678  105.850948
    2.891349  106.473139
    2.896020  107.097781
    2.900691  107.722105
    2.905362  108.348683
    2.910033  108.976061
    2.914704  109.603307
    2.919375  110.230122
    2.924046  110.858614
    2.928717  111.487855
    2.933388  112.117363
    2.938059  112.745636
    2.942730  113.373723
    2.947401  114.001560
    2.952072  114.630005
    2.956743  115.256879
    2.961414  115.883794
    2.966085  116.512153
    2.970756  117.137917
    2.975427  117.761983
    2.980098  118.382644
    2.984769  119.003626
    2.989440  119.620693
    2.994111  120.236745
    2.998782  120.853021
    3.003453  121.465127
    3.008124  122.075820
    3.012795  122.683806
    3.017466  123.290323
    3.022137  123.892870
    3.026808  124.492924
    3.031479  125.092616
    3.036150  125.690011
    3.040821  126.284859
    3.045492  126.878630
    3.050163  127.471432
    3.054834  128.061231
    3.059505  128.648680
    3.064176  129.235434
    3.068847  129.820330
    3.073518  130.402178
    3.078189  130.982803
    3.082860  131.563500
    3.087531  132.142677
    3.092202  132.720118
    3.096873  133.295819
    3.101544  133.871570
    3.106215  134.446133
    3.110886  135.019286
    3.115557  135.591420
    3.120228  136.162828
    3.124899  136.735813
    3.129570  137.309488
    3.134241  137.881547
    3.138912  138.452063
    3.143583  139.023957
    3.148254  139.596323
    3.152925  140.169978
    3.157596  140.743547
    3.162267  141.316298
    3.166938  141.890839
    3.171609  142.466412
    3.176280  143.043809
    3.180951  143.623877
    3.185622  144.203140
    3.190293  144.783702
    3.194964  145.365612
    3.199635  145.948858
    3.204306  146.532962
    3.208977  147.117931
    3.213648  147.706390
    3.218319  148.295315
    3.222990  148.888659
    3.227661  149.484647
    3.232332  150.082129
    3.237003  150.682128
    3.241674  151.282249
    3.246345  151.883946
    3.251016  152.488706
    3.255687  153.093957
    3.260358  153.702381
    3.265029  154.315788
    3.269700  154.929130
    3.274371  155.545493
    3.279042  156.163340
    3.283713  156.783270
    3.288384  157.406584
    3.293055  158.031807
    3.297726  158.659715
    3.302397  159.289196
    3.307068  159.917922
    3.311739  160.550346
    3.316410  161.185406
    3.321081  161.824952
    3.325752  162.466590
    3.330423  163.108848
    3.335094  163.753265
    3.339765  164.398127
    3.344436  165.048325
    3.349107  165.702238
    3.353778  166.358147
    3.358449  167.016142
    3.363120  167.674321
    3.367791  168.337142
    3.372462  169.002506
    3.377133  169.668075
    3.381804  170.335279
    3.386475  171.003145
    3.391146  171.673495
    3.395817  172.345277
    3.400488  173.020793
    3.405159  173.699581
    3.409830  174.380692
    3.414501  175.061767
    3.419172  175.745965
    3.423843  176.431642
    3.428514  177.119272
    3.433185  177.807391
    3.437856  178.499453
    3.442527  179.192141
    3.447198  179.888505
    3.451869  180.587963
    3.456540  181.288469
    3.461211  181.989741
    3.465882  182.695046
    3.470553  183.402287
    3.475224  184.111545
    3.479895  184.823013
    3.484566  185.537718
    3.489237  186.255340
    3.493908  186.975530
    3.498579  187.698554
    3.503250  188.423860
    3.507921  189.151673
    3.512592  189.881076
    3.517263  190.612882
    3.521934  191.346323
    3.526605  192.080793
    3.531276  192.817463
    3.535947  193.558870
    3.540618  194.302905
    3.545289  195.049748
    3.549960  195.797880
    3.554631  196.550746
    3.559302  197.306498
    3.563973  198.061109
    3.568644  198.822732
    3.573315  199.585545
    3.577986  200.348811
    3.582657  201.117421
    3.587328  201.888481
    3.591999  202.661170
    3.596670  203.438163
    3.601341  204.219380
    3.606012  205.002137
    3.610683  205.787727
    3.615354  206.577549
    3.620025  207.371640
    3.624696  208.169936
    3.629367  208.968289
    3.634038  209.770818
    3.638709  210.578074
    3.643380  211.390742
    3.648051  212.206302
    3.652722  213.025310
    3.657393  213.848016
    3.662064  214.674252
    3.666735  215.505583
    3.671406  216.338859
    3.676077  217.175680
    3.680748  218.018754
    3.685419  218.865853
    3.690090  219.716790
    3.694761  220.573907
    3.699432  221.436396
    3.704103  222.302505
    3.708774  223.173948
    3.713445  224.051644
    3.718116  224.933467
    3.722787  225.821550
    3.727458  226.713703
    3.732129  227.611115
    3.736800  228.514877
    3.741471  229.421084
    3.746142  230.332546
    3.750813  231.251229
    3.755484  232.175509
    3.760155  233.103358
    3.764826  234.037503
    3.769497  234.977980
    3.774168  235.925046
    3.778839  236.877406
    3.783510  237.835129
    3.788181  238.797930
    3.792852  239.764639
    3.797523  240.738822
    3.802194  241.716849
    3.806865  242.702198
    3.811536  243.691158
    3.816207  244.683741
    3.820878  245.679753
    3.825549  246.682190
    3.830220  247.687821
    3.834891  248.697784
    3.839562  249.713767
    3.844233  250.735779
    3.848904  251.762798
    3.853575  252.792590
    3.858246  253.823720
    3.862917  254.859193
    3.867588  255.901919
    3.872259  256.949193
    3.876930  257.994614
    3.881601  259.045911
    3.886272  260.099309
    3.890943  261.159518
    3.895614  262.224042
    3.900285  263.292248
    3.904956  264.361971
    3.909627  265.433713
    3.914298  266.506437
    3.918969  267.581375
    3.923640  268.657784
    3.928311  269.735377
    3.932982  270.815517
    3.937653  271.896794
    3.942324  272.978446
    3.946995  274.061534
    3.951666  275.143957
    3.956337  276.224775
    3.961008  277.305788
    3.965679  278.389162
    3.970350  279.471159
    3.975021  280.550917
    3.979692  281.627412
    3.984363  282.702132
    3.989034  283.774259
    3.993705  284.849200
    3.998376  285.920250
    4.003047  286.988193
    4.007718  288.054966
    4.012389  289.120816
    4.017060  290.184895
    4.021731  291.246549
    4.026402  292.306756
    4.031073  293.368390
    4.035744  294.427313
    4.040415  295.482370
    4.045086  296.533121
    4.049757  297.581774
    4.054428  298.629194
    4.059099  299.673858
    4.063770  300.717397
    4.068441  301.761265
    4.073112  302.798990
    4.077783  303.837546
    4.082454  304.871071
    4.087125  305.900254
    4.091796  306.928298
    4.096467  307.956726
    4.101138  308.982412
    4.105809  310.006645
    4.110480  311.028155
    4.115151  312.048131
    4.119822  313.066649
    4.124493  314.082111
    4.129164  315.096945
    4.133835  316.109183
    4.138506  317.118554
    4.143177  318.124656
    4.147848  319.130481
    4.152519  320.133540
    4.157190  321.131679
    4.161861  322.130436
    4.166532  323.126849
    4.171203  324.123567
    4.175874  325.118236
    4.180545  326.111649
    4.185216  327.102357
    4.189887  328.094091
    4.194558  329.085030
    4.199229  330.074784
    4.203900  331.066211
    4.208571  332.058033
    4.213242  333.050570
    4.217913  334.041512
    4.222584  335.032491
    4.227255  336.021453
    4.231926  337.010673
    4.236597  337.998875
    4.241268  338.988198
    4.245939  339.979300
    4.250610  340.973518
    4.255281  341.968983
    4.259952  342.965712
    4.264623  343.963637
    4.269294  344.964031
    4.273965  345.966846
    4.278636  346.971821
    4.283307  347.979289
    4.287978  348.985630
    4.292649  349.998913
    4.297320  351.012557
    4.301991  352.027118
    4.306662  353.043903
    4.311333  354.067311
    4.316004  355.091936
    4.320675  356.118713
    4.325346  357.148507
    4.330017  358.183541
    4.334688  359.218601
    4.339359  360.258949
    4.344030  361.304031
    4.348701  362.352797
    4.353372  363.404814
    4.358043  364.459565
    4.362714  365.521260
    4.367385  366.590070
    4.372056  367.662882
    4.376727  368.741790
    4.381398  369.826647
    4.386069  370.914564
    4.390740  372.009082
    4.395411  373.108068
    4.400082  374.214016
    4.404753  375.323618
    4.409424  376.440601
    4.414095  377.563538
    4.418766  378.691017
    4.423437  379.824469
    4.428108  380.964168
    4.432779  382.110368
    4.437450  383.262915
    4.442121  384.417796
    4.446792  385.576686
    4.451463  386.742284
    4.456134  387.917595
    4.460805  389.099086
    4.465476  390.286224
    4.470147  391.480768
    4.474818  392.682494
    4.479489  393.892014
    4.484160  395.109330
    4.488831  396.333874
    4.493502  397.567000
    4.498173  398.803131
    4.502844  400.046468
    4.507515  401.296956
    4.512186  402.554416
    4.516857  403.816812
    4.521528  405.086139
    4.526199  406.364629
    4.530870  407.650993
    4.535541  408.943290
    4.540212  410.242723
    4.544883  411.551494
    4.549554  412.866077
    4.554225  414.188295
    4.558896  415.514830
    4.563567  416.851865
    4.568238  418.198169
    4.572909  419.552218
    4.577580  420.911639
    4.582251  422.278963
    4.586922  423.655158
    4.591593  425.038128
    4.596264  426.421929
    4.600935  427.813534
    4.605606  429.214586
    4.610277  430.618802
    4.614948  432.029684
    4.619619  433.448792
    4.624290  434.875645
    4.628961  436.308670
    4.633632  437.748822
    4.638303  439.193991
    4.642974  440.643454
    4.647645  442.099875
    4.652316  443.559872
    4.656987  445.025202
    4.661658  446.497195
    4.666329  447.974845
    4.671000  449.460066
