    0.004671    0.000000
    0.009342    0.000000
    0.014013    0.000000
    0.018684    0.000000
    0.023355    0.000000
    0.028026    0.000000
    0.032697    0.000000
    0.037368    0.000000
    0.042039    0.000000
    0.046710    0.000000
    0.051381    0.000000
    0.056052    0.000000
    0.060723    0.000000
    0.065394    0.000000
    0.070065    0.000000
    0.074736    0.000000
    0.079407    0.000000
    0.084078    0.000000
    0.088749    0.000000
    0.093420    0.000000
    0.098091    0.000000
    0.102762    0.000000
    0.107433    0.000000
    0.112104    0.000000
    0.116775    0.000000
    0.121446    0.000000
    0.126117    0.000000
    0.130788    0.000000
    0.135459    0.000000
    0.140130    0.000000
    0.144801    0.000000
    0.149472    0.000000
    0.154143    0.000000
    0.158814    0.000000
    0.163485    0.000000
    0.168156    0.000000
    0.172827    0.000000
    0.177498    0.000000
    0.182169    0.000000
    0.186840    0.000000
    0.191511    0.000000
    0.196182    0.000000
    0.200853    0.000000
    0.205524    0.000000
    0.210195    0.000000
    0.214866    0.000000
    0.219537    0.000000
    0.224208    0.000000
    0.228879    0.000000
    0.233550    0.000000
    0.238221    0.000000
    0.242892    0.000000
    0.247563    0.000000
    0.252234    0.000000
    0.256905    0.000000
    0.261576    0.000000
    0.266247    0.000000
    0.270918    0.000000
    0.275589    0.000000
    0.280260    0.000000
    0.284931    0.000000
    0.289602    0.000000
    0.294273    0.000000
    0.298944    0.000000
    0.303615    0.000000
    0.308286    0.000000
    0.312957    0.000000
    0.317628    0.000000
    0.322299    0.000000
    0.326970    0.000000
    0.331641    0.000000
    0.336312    0.000000
    0.340983    0.000000
    0.345654    0.000000
    0.350325    0.000000
    0.354996    0.000000
    0.359667    0.000000
    0.364338    0.000000
    0.369009    0.000000
    0.373680    0.000000
    0.378351    0.000000
    0.383022    0.000000
    0.387693    0.000000
    0.392364    0.000000
    0.397035    0.000000
    0.401706    0.000000
    0.406377    0.000000
    0.411048    0.000000
    0.415719    0.000000
    0.420390    0.000000
    0.425061    0.000000
    0.429732    0.000000
    0.434403    0.000000
    0.439074    0.000000
    0.443745    0.000000
    0.448416    0.000000
    0.453087    0.000000
    0.457758    0.000000
    0.462429    0.000000
    0.467100    0.000000
    0.471771    0.000000
    0.476442    0.000000
    0.481113    0.000000
    0.485784    0.000000
    0.490455    0.000000
    0.495126    0.000000
    0.499797    0.000000
    0.504468    0.000000
    0.509139    0.000000
    0.513810    0.000000
    0.518481    0.000000
    0.523152    0.000000
    0.527823    0.000000
    0.532494    0.000000
    0.537165    0.000000
    0.541836    0.000000
    0.546507    0.000000
    0.551178    0.000000
    0.555849    0.000000
    0.560520    0.000000
    0.565191    0.000000
    0.569862    0.000000
    0.574533    0.000000
    0.579204    0.000000
    0.583875    0.000000
    0.588546    0.000000
    0.593217    0.000000
    0.597888    0.000000
    0.602559    0.000000
    0.607230    0.000000
    0.611901    0.000000
    0.616572    0.000000
    0.621243    0.000000
    0.625914    0.000000
    0.630585    0.000000
    0.635256    0.000000
    0.639927    0.000000
    0.644598    0.000000
    0.649269    0.000000
    0.653940    0.000000
    0.658611    0.000000
    0.663282    0.000000
    0.667953    0.000000
    0.672624    0.000000
    0.677295    0.000000
    0.681966    0.000000
    0.686637    0.000000
    0.691308    0.000000
    0.695979    0.000000
    0.700650    0.000000
    0.705321    0.000000
    0.709992    0.000000
    0.714663    0.000000
    0.719334    0.000000
    0.724005    0.000000
    0.728676    0.000000
    0.733347    0.000000
    0.738018    0.000000
    0.742689    0.000000
    0.747360    0.000000
    0.752031    0.000000
    0.756702    0.000000
    0.761373    0.000000
    0.766044    0.000000
    0.770715    0.000000
    0.775386    0.000000
    0.780057    0.000000
    0.784728    0.000000
    0.789399    0.000000
    0.794070    0.000000
    0.798741    0.000150
    0.803412    0.000290
    0.808083    0.000301
    0.812754    0.000742
    0.817425    0.001502
    0.822096    0.003171
    0.826767    0.005559
    0.831438    0.009831
    0.836109    0.016535
    0.840780    0.026791
    0.845451    0.043030
    0.850122    0.062377
    0.854793    0.089837
    0.859464    0.124598
    0.864135    0.169719
    0.868806    0.224538
    0.873477    0.289722
    0.878148    0.364806
    0.882819    0.455118
    0.887490    0.547173
    0.892161    0.656101
    0.896832    0.769557
    0.901503    0.891493
    0.906174    1.012540
    0.910845    1.144338
    0.915516    1.271400
    0.920187    1.409554
    0.924858    1.542624
    0.929529    1.672070
    0.934200    1.789577
    0.938871    1.915594
    0.943542    2.000262
    0.948213    2.089197
    0.952884    2.190585
    0.957555    2.272128
    0.962226    2.326266
    0.966897    2.399608
    0.971568    2.444979
    0.976239    2.496204
    0.980910    2.513161
    0.985581    2.544151
    0.990252    2.566201
    0.994923    2.577960
    0.999594    2.589499
    1.004265    2.572678
    1.008936    2.562562
    1.013607    2.544751
    1.018278    2.521803
    1.022949    2.493215
    1.027620    2.473925
    1.032291    2.458267
    1.036962    2.407218
    1.041633    2.363515
    1.046304    2.310384
    1.050975    2.283720
    1.055646    2.240821
    1.060317    2.186658
    1.064988    2.153660
    1.069659    2.098829
    1.074330    2.042857
    1.079001    1.994123
    1.083672    1.957605
    1.088343    1.921046
    1.093014    1.876544
    1.097685    1.834658
    1.102356    1.792437
    1.107027    1.745335
    1.111698    1.707181
    1.116369    1.672874
    1.121040    1.620685
    1.125711    1.577132
    1.130382    1.552106
    1.135053    1.522343
    1.139724    1.481300
    1.144395    1.440852
    1.149066    1.406441
    1.153737    1.372071
    1.158408    1.341559
    1.163079    1.311437
    1.167750    1.271780
    1.172421    1.248015
    1.177092    1.210058
    1.181763    1.184143
    1.186434    1.163167
    1.191105    1.152276
    1.195776    1.132081
    1.200447    1.104315
    1.205118    1.087368
    1.209789    1.068112
    1.214460    1.050626
    1.219131    1.035092
    1.223802    1.012489
    1.228473    0.986111
    1.233144    0.967644
    1.237815    0.962400
    1.242486    0.940424
    1.247157    0.922360
    1.251828    0.906621
    1.256499    0.896428
    1.261170    0.879853
    1.265841    0.863229
    1.270512    0.852606
    1.275183    0.840398
    1.279854    0.832494
    1.284525    0.812157
    1.289196    0.805787
    1.293867    0.796782
    1.298538    0.782005
    1.303209    0.775159
    1.307880    0.766317
    1.312551    0.754962
    1.317222    0.750615
    1.321893    0.734108
    1.326564    0.724852
    1.331235    0.720983
    1.335906    0.718831
    1.340577    0.707480
    1.345248    0.700162
    1.349919    0.693807
    1.354590    0.687024
    1.359261    0.683620
    1.363932    0.676313
    1.368603    0.670551
    1.373274    0.668989
    1.377945    0.659675
    1.382616    0.654625
    1.387287    0.650240
    1.391958    0.645406
    1.396629    0.645208
    1.401300    0.645321
    1.405971    0.640733
    1.410642    0.642689
    1.415313    0.640822
    1.419984    0.637228
    1.424655    0.630696
    1.429326    0.638045
    1.433997    0.636341
    1.438668    0.634110
    1.443339    0.637287
    1.448010    0.637746
    1.452681    0.638379
    1.457352    0.641543
    1.462023    0.642406
    1.466694    0.640052
    1.471365    0.640290
    1.476036    0.644145
    1.480707    0.650151
    1.485378    0.658907
    1.490049    0.662413
    1.494720    0.656554
    1.499391    0.655712
    1.504062    0.656850
    1.508733    0.657020
    1.513404    0.667023
    1.518075    0.668789
    1.522746    0.671588
    1.527417    0.673884
    1.532088    0.675956
    1.536759    0.678136
    1.541430    0.682746
    1.546101    0.690666
    1.550772    0.691136
    1.555443    0.700661
    1.560114    0.707263
    1.564785    0.711023
    1.569456    0.717628
    1.574127    0.724211
    1.578798    0.731931
    1.583469    0.737752
    1.588140    0.745481
    1.592811    0.751636
    1.597482    0.759425
    1.602153    0.770269
    1.606824    0.778251
    1.611495    0.783345
    1.616166    0.791068
    1.620837    0.804730
    1.625508    0.813166
    1.630179    0.822227
    1.634850    0.829616
    1.639521    0.837244
    1.644192    0.845949
    1.648863    0.852654
    1.653534    0.864493
    1.658205    0.874472
    1.662876    0.878837
    1.667547    0.889692
    1.672218    0.900334
    1.676889    0.914530
    1.681560    0.916608
    1.686231    0.926873
    1.690902    0.939052
    1.695573    0.951847
    1.700244    0.962042
    1.704915    0.969994
    1.709586    0.983073
    1.714257    0.988745
    1.718928    0.993606
    1.723599    1.004875
    1.728270    1.010681
    1.732941    1.020688
    1.737612    1.026269
    1.742283    1.035125
    1.746954    1.044337
    1.751625    1.062682
    1.756296    1.067144
    1.760967    1.074889
    1.765638    1.084837
    1.770309    1.091966
    1.774980    1.098930
    1.779651    1.107037
    1.784322    1.116319
    1.788993    1.125479
    1.793664    1.137308
    1.798335    1.143646
    1.803006    1.145183
    1.807677    1.153065
    1.812348    1.158089
    1.817019    1.162964
    1.821690    1.172298
    1.826361    1.176826
    1.831032    1.185374
    1.835703    1.188433
    1.840374    1.189307
    1.845045    1.189581
    1.849716    1.196901
    1.854387    1.203343
    1.859058    1.210288
    1.863729    1.212603
    1.868400    1.216951
    1.873071    1.224235
    1.877742    1.223954
    1.882413    1.225374
    1.887084    1.225114
    1.891755    1.228539
    1.896426    1.226918
    1.901097    1.231723
    1.905768    1.233581
    1.910439    1.227302
    1.915110    1.237089
    1.919781    1.237971
    1.924452    1.235509
    1.929123    1.232474
    1.933794    1.229975
    1.938465    1.230543
    1.943136    1.228411
    1.947807    1.228617
    1.952478    1.229233
    1.957149    1.225426
    1.961820    1.218064
    1.966491    1.216804
    1.971162    1.210244
    1.975833    1.201134
    1.980504    1.199733
    1.985175    1.198562
    1.989846    1.191332
    1.994517    1.188423
    1.999188    1.186223
    2.003859    1.181206
    2.008530    1.176405
    2.013201    1.168083
    2.017872    1.168626
    2.022543    1.165484
    2.027214    1.155413
    2.031885    1.148598
    2.036556    1.144744
    2.041227    1.138597
    2.045898    1.134266
    2.050569    1.128524
    2.055240    1.115125
    2.059911    1.110772
    2.064582    1.104036
    2.069253    1.093750
    2.073924    1.090428
    2.078595    1.077152
    2.083266    1.073848
    2.087937    1.068535
    2.092608    1.058288
    2.097279    1.053970
    2.101950    1.044391
    2.106621    1.037521
    2.111292    1.033705
    2.115963    1.029265
    2.120634    1.025991
    2.125305    1.021326
    2.129976    1.014995
    2.134647    1.010121
    2.139318    1.003701
    2.143989    0.998915
    2.148660    0.994361
    2.153331    0.985276
    2.158002    0.977815
    2.162673    0.979391
    2.167344    0.972535
    2.172015    0.963334
    2.176686    0.965160
    2.181357    0.955489
    2.186028    0.951009
    2.190699    0.944691
    2.195370    0.935557
    2.200041    0.936878
    2.204712    0.930813
    2.209383    0.926608
    2.214054    0.921484
    2.218725    0.918356
    2.223396    0.915021
    2.228067    0.917059
    2.232738    0.911605
    2.237409    0.908144
    2.242080    0.902938
    2.246751    0.900422
    2.251422    0.903594
    2.256093    0.904549
    2.260764    0.898359
    2.265435    0.892163
    2.270106    0.891432
    2.274777    0.888162
    2.279448    0.886321
    2.284119    0.885283
    2.288790    0.880970
    2.293461    0.877379
    2.298132    0.872498
    2.302803    0.871383
    2.307474    0.872254
    2.312145    0.874976
    2.316816    0.872296
    2.321487    0.869941
    2.326158    0.869085
    2.330829    0.868366
    2.335500    0.870494
    2.340171    0.870364
    2.344842    0.871292
    2.349513    0.869335
    2.354184    0.874991
    2.358855    0.873341
    2.363526    0.871978
    2.368197    0.872946
    2.372868    0.873798
    2.377539    0.870892
    2.382210    0.872680
    2.386881    0.873604
    2.391552    0.873677
    2.396223    0.873159
    2.400894    0.876372
    2.405565    0.881891
    2.410236    0.881354
    2.414907    0.884562
    2.419578    0.884633
    2.424249    0.889617
    2.428920    0.891758
    2.433591    0.891794
    2.438262    0.896157
    2.442933    0.897765
    2.447604    0.899827
    2.452275    0.900880
    2.456946    0.903888
    2.461617    0.905699
    2.466288    0.909443
    2.470959    0.912733
    2.475630    0.916004
    2.480301    0.918208
    2.484972    0.919640
    2.489643    0.924643
    2.494314    0.926759
    2.498985    0.931301
    2.503656    0.936663
    2.508327    0.938608
    2.512998    0.944555
    2.517669    0.948472
    2.522340    0.955139
    2.527011    0.957208
    2.531682    0.959953
    2.536353    0.961456
    2.541024    0.968480
    2.545695    0.969143
    2.550366    0.973049
    2.555037    0.977959
    2.559708    0.981507
    2.564379    0.985987
    2.569050    0.987155
    2.573721    0.988618
    2.578392    0.990420
    2.583063    0.996757
    2.587734    1.001369
    2.592405    1.001684
    2.597076    1.006743
    2.601747    1.012334
    2.606418    1.013153
    2.611089    1.017582
    2.615760    1.019271
    2.620431    1.020321
    2.625102    1.025231
    2.629773    1.028100
    2.634444    1.030639
    2.639115    1.036289
    2.643786    1.035515
    2.648457    1.037735
    2.653128    1.041491
    2.657799    1.042492
    2.662470    1.041143
    2.667141    1.043896
    2.671812    1.047350
    2.676483    1.050341
    2.681154    1.054274
    2.685825    1.055232
    2.690496    1.053431
    2.695167    1.058594
    2.699838    1.058768
    2.704509    1.062743
    2.709180    1.061484
    2.713851    1.061077
    2.718522    1.064263
    2.723193    1.066995
    2.727864    1.070248
    2.732535    1.072247
    2.737206    1.071192
    2.741877    1.072041
    2.746548    1.072693
    2.751219    1.069904
    2.755890    1.068214
    2.760561    1.070930
    2.765232    1.070506
    2.769903    1.073011
    2.774574    1.070889
    2.779245    1.071333
    2.783916    1.071879
    2.788587    1.075877
    2.793258    1.075698
    2.797929    1.076212
    2.802600    1.072185
    2.807271    1.072733
    2.811942    1.074369
    2.816613    1.071502
    2.821284    1.070738
    2.825955    1.072882
    2.830626    1.066308
    2.835297    1.069824
    2.839968    1.065085
    2.844639    1.067192
    2.849310    1.067850
    2.853981    1.063103
    2.858652    1.065693
    2.863323    1.061718
    2.867994    1.062042
    2.872665    1.060077
    2.877336    1.059268
    2.882007    1.060939
    2.886678    1.056994
    2.891349    1.055926
    2.896020    1.050929
    2.900691    1.052463
    2.905362    1.051895
    2.910033    1.052313
    2.914704    1.047317
    2.919375    1.046090
    2.924046    1.046081
    2.928717    1.040902
    2.933388    1.037833
    2.938059    1.038155
    2.942730    1.035844
    2.947401    1.032840
    2.952072    1.028742
    2.956743    1.028870
    2.961414    1.024717
    2.966085    1.021212
    2.970756    1.022576
    2.975427    1.019264
    2.980098    1.019036
    2.984769    1.017952
    2.989440    1.013712
    2.994111    1.012478
    2.998782    1.007415
    3.003453    1.005201
    3.008124    1.004324
    3.012795    1.001266
    3.017466    1.000586
    3.022137    1.001926
    3.026808    0.998644
    3.031479    0.997986
    3.036150    0.993871
    3.040821    0.985410
    3.045492    0.987433
    3.050163    0.984907
    3.054834    0.984227
    3.059505    0.981297
    3.064176    0.979754
    3.068847    0.978792
    3.073518    0.977230
    3.078189    0.975005
    3.082860    0.974043
    3.087531    0.974759
    3.092202    0.971364
    3.096873    0.973733
    3.101544    0.970717
    3.106215    0.968860
    3.110886    0.968352
    3.115557    0.966336
    3.120228    0.965352
    3.124899    0.964767
    3.129570    0.965784
    3.134241    0.967950
    3.138912    0.966563
    3.143583    0.966534
    3.148254    0.966795
    3.152925    0.962756
    3.157596    0.959705
    3.162267    0.959435
    3.166938    0.960496
    3.171609    0.959465
    3.176280    0.960474
    3.180951    0.956819
    3.185622    0.956675
    3.190293    0.958534
    3.194964    0.956025
    3.199635    0.953254
    3.204306    0.954701
    3.208977    0.954209
    3.213648    0.954610
    3.218319    0.953880
    3.222990    0.954426
    3.227661    0.954238
    3.232332    0.950938
    3.237003    0.951870
    3.241674    0.952518
    3.246345    0.951989
    3.251016    0.952007
    3.255687    0.952938
    3.260358    0.954224
    3.265029    0.954078
    3.269700    0.956558
    3.274371    0.959277
    3.279042    0.960681
    3.283713    0.962039
    3.288384    0.959967
    3.293055    0.960379
    3.297726    0.960018
    3.302397    0.961875
    3.307068    0.962823
    3.311739    0.962134
    3.316410    0.963654
    3.321081    0.962881
    3.325752    0.963218
    3.330423    0.965757
    3.335094    0.965096
    3.339765    0.968547
    3.344436    0.967465
    3.349107    0.968150
    3.353778    0.967896
    3.358449    0.969703
    3.363120    0.970173
    3.367791    0.971975
    3.372462    0.973133
    3.377133    0.974478
    3.381804    0.975635
    3.386475    0.975923
    3.391146    0.979770
    3.395817    0.977292
    3.400488    0.979341
    3.405159    0.977773
    3.409830    0.981787
    3.414501    0.980903
    3.419172    0.982159
    3.423843    0.982077
    3.428514    0.985967
    3.433185    0.987091
    3.437856    0.988041
    3.442527    0.992162
    3.447198    0.994277
    3.451869    0.992645
    3.456540    0.993710
    3.461211    0.995296
    3.465882    0.999262
    3.470553    1.001213
    3.475224    1.002489
    3.479895    1.004362
    3.484566    1.006392
    3.489237    1.007846
    3.493908    1.006398
    3.498579    1.007522
    3.503250    1.006169
    3.507921    1.005705
    3.512592    1.008727
    3.517263    1.010124
    3.521934    1.010894
    3.526605    1.012809
    3.531276    1.012950
    3.535947    1.011480
    3.540618    1.014280
    3.545289    1.014702
    3.549960    1.016561
    3.554631    1.018396
    3.559302    1.018119
    3.563973    1.020448
    3.568644    1.020445
    3.573315    1.022013
    3.577986    1.021676
    3.582657    1.025689
    3.587328    1.024535
    3.591999    1.020471
    3.596670    1.020524
    3.601341    1.022001
    3.606012    1.022801
    3.610683    1.024372
    3.615354    1.023937
    3.620025    1.025494
    3.624696    1.027006
    3.629367    1.025633
    3.634038    1.027222
    3.638709    1.026209
    3.643380    1.029126
    3.648051    1.028698
    3.652722    1.028397
    3.657393    1.027914
    3.662064    1.029253
    3.666735    1.023775
    3.671406    1.024560
    3.676077    1.028179
    3.680748    1.027910
    3.685419    1.027592
    3.690090    1.026436
    3.694761    1.027831
    3.699432    1.026507
    3.704103    1.026130
    3.708774    1.026581
    3.713445    1.024666
    3.718116    1.019891
    3.722787    1.022880
    3.727458    1.023045
    3.732129    1.023993
    3.736800    1.024171
    3.741471    1.025744
    3.746142    1.022322
    3.750813    1.022245
    3.755484    1.019818
    3.760155    1.018726
    3.764826    1.017579
    3.769497    1.015976
    3.774168    1.015912
    3.778839    1.016552
    3.783510    1.019778
    3.788181    1.016035
    3.792852    1.013970
    3.797523    1.016064
    3.802194    1.017550
    3.806865    1.014476
    3.811536    1.016039
    3.816207    1.016046
    3.820878    1.012484
    3.825549    1.010520
    3.830220    1.011120
    3.834891    1.010745
    3.839562    1.007764
    3.844233    1.005820
    3.848904    1.008764
    3.853575    1.007819
    3.858246    1.008023
    3.862917    1.006635
    3.867588    1.006009
    3.872259    1.004407
    3.876930    1.003671
    3.881601    1.002299
    3.886272    1.001006
    3.890943    1.001650
    3.895614    1.000775
    3.900285    0.997851
    3.904956    0.995250
    3.909627    0.994001
    3.914298    0.993778
    3.918969    0.990402
    3.923640    0.990399
    3.928311    0.989173
    3.932982    0.988210
    3.937653    0.991348
    3.942324    0.992851
    3.946995    0.990762
    3.951666    0.988807
    3.956337    0.988877
    3.961008    0.988961
    3.965679    0.990069
    3.970350    0.989963
    3.975021    0.990047
    3.979692    0.990202
    3.984363    0.989330
    3.989034    0.987547
    3.993705    0.989305
    3.998376    0.987692
    4.003047    0.985063
    4.007718    0.986415
    4.012389    0.986542
    4.017060    0.986121
    4.021731    0.986624
    4.026402    0.987799
    4.031073    0.986357
    4.035744    0.986106
    4.040415    0.985722
    4.045086    0.986284
    4.049757    0.986038
    4.054428    0.985312
    4.059099    0.983475
    4.063770    0.983459
    4.068441    0.982035
    4.073112    0.983867
    4.077783    0.984752
    4.082454    0.981744
    4.087125    0.981197
    4.091796    0.982518
    4.096467    0.983374
    4.101138    0.983587
    4.105809    0.983660
    4.110480    0.983614
    4.115151    0.983546
    4.119822    0.983279
    4.124493    0.982870
    4.129164    0.981980
    4.133835    0.981030
    4.138506    0.983814
    4.143177    0.985666
    4.147848    0.982404
    4.152519    0.983329
    4.157190    0.983445
    4.161861    0.980960
    4.166532    0.981638
    4.171203    0.981771
    4.175874    0.983053
    4.180545    0.983545
    4.185216    0.983993
    4.189887    0.984696
    4.194558    0.985086
    4.199229    0.985728
    4.203900    0.986490
    4.208571    0.986120
    4.213242    0.986142
    4.217913    0.987361
    4.222584    0.988759
    4.227255    0.988201
    4.231926    0.987145
    4.236597    0.988255
    4.241268    0.990608
    4.245939    0.990271
    4.250610    0.990256
    4.255281    0.990791
    4.259952    0.990442
    4.264623    0.990683
    4.269294    0.992863
    4.273965    0.992811
    4.278636    0.994949
    4.283307    0.997442
    4.287978    0.997461
    4.292649    0.994699
    4.297320    0.993272
    4.301991    0.995574
    4.306662    0.997008
    4.311333    0.997296
    4.316004    0.997793
    4.320675    0.996794
    4.325346    0.995569
    4.330017    0.997426
    4.334688    0.997235
    4.339359    0.998401
    4.344030    0.998379
    4.348701    0.998070
    4.353372    0.999815
    4.358043    1.000612
    4.362714    0.998336
    4.367385    0.999844
    4.372056    1.001209
    4.376727    1.002115
    4.381398    1.000479
    4.386069    1.001051
    4.390740    1.002204
    4.395411    1.001528
    4.400082    0.999723
    4.404753    1.001010
    4.409424    1.002730
    4.414095    1.000566
    4.418766    1.002007
    4.423437    1.004392
    4.428108    1.005933
    4.432779    1.006637
    4.437450    1.007238
    4.442121    1.005737
    4.446792    1.005444
    4.451463    1.008664
    4.456134    1.009481
    4.460805    1.009658
    4.465476    1.008530
    4.470147    1.011020
    4.474818    1.010365
    4.479489    1.011126
    4.484160    1.009810
    4.488831    1.010876
    4.493502    1.008904
    4.498173    1.009616
    4.502844    1.008169
    4.507515    1.009141
    4.512186    1.009426
    4.516857    1.009646
    4.521528    1.010119
    4.526199    1.008136
    4.530870    1.010761
    4.535541    1.008516
    4.540212    1.007120
    4.544883    1.007126
    4.549554    1.007736
    4.554225    1.008555
    4.558896    1.009015
    4.563567    1.011135
    4.568238    1.010033
    4.572909    1.010433
    4.577580    1.010821
    4.582251    1.011659
    4.586922    1.011253
    4.591593    1.009926
    4.596264    1.009768
    4.600935    1.009329
    4.605606    1.007661
    4.610277    1.008893
    4.614948    1.007341
    4.619619    1.008149
    4.624290    1.007251
    4.628961    1.006533
    4.633632    1.005251
    4.638303    1.005254
    4.642974    1.004439
    4.647645    1.004165
    4.652316    1.005271
    4.656987    1.003390
    4.661658    1.005573
    4.666329    1.005597
    4.671000    1.005190
