    0.004671    0.000000
    0.009342    0.000000
    0.014013    0.000000
    0.018684    0.000000
    0.023355    0.000000
    0.028026    0.000000
    0.032697    0.000000
    0.037368    0.000000
    0.042039    0.000000
    0.046710    0.000000
    0.051381    0.000000
    0.056052    0.000000
    0.060723    0.000000
    0.065394    0.000000
    0.070065    0.000000
    0.074736    0.000000
    0.079407    0.000000
    0.084078    0.000000
    0.088749    0.000000
    0.093420    0.000000
    0.098091    0.000000
    0.102762    0.000000
    0.107433    0.000000
    0.112104    0.000000
    0.116775    0.000000
    0.121446    0.000000
    0.126117    0.000000
    0.130788    0.000000
    0.135459    0.000000
    0.140130    0.000000
    0.144801    0.000000
    0.149472    0.000000
    0.154143    0.000000
    0.158814    0.000000
    0.163485    0.000000
    0.168156    0.000000
    0.172827    0.000000
    0.177498    0.000000
    0.182169    0.000000
    0.186840    0.000000
    0.191511    0.000000
    0.196182    0.000000
    0.200853    0.000000
    0.205524    0.000000
    0.210195    0.000000
    0.214866    0.000000
    0.219537    0.000000
    0.224208    0.000000
    0.228879    0.000000
    0.233550    0.000000
    0.238221    0.000000
    0.242892    0.000000
    0.247563    0.000000
    0.252234    0.000000
    0.256905    0.000000
    0.261576    0.000000
    0.266247    0.000000
    0.270918    0.000000
    0.275589    0.000000
    0.280260    0.000000
    0.284931    0.000000
    0.289602    0.000000
    0.294273    0.000000
    0.298944    0.000000
    0.303615    0.000000
    0.308286    0.000000
    0.312957    0.000000
    0.317628    0.000000
    0.322299    0.000000
    0.326970    0.000000
    0.331641    0.000000
    0.336312    0.000000
    0.340983    0.000000
    0.345654    0.000000
    0.350325    0.000000
    0.354996    0.000000
    0.359667    0.000000
    0.364338    0.000000
    0.369009    0.000000
    0.373680    0.000000
    0.378351    0.000000
    0.383022    0.000000
    0.387693    0.000000
    0.392364    0.000000
    0.397035    0.000000
    0.401706    0.000000
    0.406377    0.000000
    0.411048    0.000000
    0.415719    0.000000
    0.420390    0.000000
    0.425061    0.000000
    0.429732    0.000000
    0.434403    0.000000
    0.439074    0.000000
    0.443745    0.000000
    0.448416    0.000000
    0.453087    0.000000
    0.457758    0.000000
    0.462429    0.000000
    0.467100    0.000000
    0.471771    0.000000
    0.476442    0.000000
    0.481113    0.000000
    0.485784    0.000000
    0.490455    0.000000
    0.495126    0.000000
    0.499797    0.000000
    0.504468    0.000000
    0.509139    0.000000
    0.513810    0.000000
    0.518481    0.000000
    0.523152    0.000000
    0.527823    0.000000
    0.532494    0.000000
    0.537165    0.000000
    0.541836    0.000000
    0.546507    0.000000
    0.551178    0.000000
    0.555849    0.000000
    0.560520    0.000000
    0.565191    0.000000
    0.569862    0.000000
    0.574533    0.000000
    0.579204    0.000000
    0.583875    0.000000
    0.588546    0.000000
    0.593217    0.000000
    0.597888    0.000000
    0.602559    0.000000
    0.607230    0.000000
    0.611901    0.000000
    0.616572    0.000000
    0.621243    0.000000
    0.625914    0.000000
    0.630585    0.000000
    0.635256    0.000000
    0.639927    0.000000
    0.644598    0.000000
    0.649269    0.000000
    0.653940    0.000000
    0.658611    0.000000
    0.663282    0.000000
    0.667953    0.000000
    0.672624    0.000000
    0.677295    0.000000
    0.681966    0.000000
    0.686637    0.000000
    0.691308    0.000000
    0.695979    0.000000
    0.700650    0.000000
    0.705321    0.000000
    0.709992    0.000000
    0.714663    0.000000
    0.719334    0.000000
    0.724005    0.000000
    0.728676    0.000000
    0.733347    0.000000
    0.738018    0.000000
    0.742689    0.000000
    0.747360    0.000000
    0.752031    0.000000
    0.756702    0.000000
    0.761373    0.000000
    0.766044    0.000000
    0.770715    0.000000
    0.775386    0.000000
    0.780057    0.000000
    0.784728    0.000000
    0.789399    0.000000
    0.794070    0.000000
    0.798741    0.000000
    0.803412    0.000000
    0.808083    0.000000
    0.812754    0.000000
    0.817425    0.000000
    0.822096    0.000000
    0.826767    0.000000
    0.831438    0.000000
    0.836109    0.000000
    0.840780    0.000000
    0.845451    0.000000
    0.850122    0.000000
    0.854793    0.000044
    0.859464    0.000426
    0.864135    0.001444
    0.868806    0.002581
    0.873477    0.005148
    0.878148    0.009446
    0.882819    0.016203
    0.887490    0.023117
    0.892161    0.036991
    0.896832    0.052912
    0.901503    0.080510
    0.906174    0.109879
    0.910845    0.154373
    0.915516    0.197042
    0.920187    0.266271
    0.924858    0.339164
    0.929529    0.420153
    0.934200    0.519596
    0.938871    0.637423
    0.943542    0.759514
    0.948213    0.875038
    0.952884    1.012628
    0.957555    1.165524
    0.962226    1.338214
    0.966897    1.479718
    0.971568    1.635642
    0.976239    1.799326
    0.980910    1.948417
    0.985581    2.097657
    0.990252    2.221357
    0.994923    2.363197
    0.999594    2.488576
    1.004265    2.604176
    1.008936    2.730664
    1.013607    2.829666
    1.018278    2.917213
    1.022949    3.015751
    1.027620    3.060678
    1.032291    3.116919
    1.036962    3.169336
    1.041633    3.203544
    1.046304    3.232657
    1.050975    3.229279
    1.055646    3.222220
    1.060317    3.215378
    1.064988    3.181049
    1.069659    3.167290
    1.074330    3.144129
    1.079001    3.125362
    1.083672    3.097489
    1.088343    3.039486
    1.093014    2.966372
    1.097685    2.910390
    1.102356    2.864450
    1.107027    2.807245
    1.111698    2.756363
    1.116369    2.672101
    1.121040    2.604362
    1.125711    2.526718
    1.130382    2.459531
    1.135053    2.386040
    1.139724    2.307578
    1.144395    2.229211
    1.149066    2.143233
    1.153737    2.072196
    1.158408    2.000590
    1.163079    1.949997
    1.167750    1.876273
    1.172421    1.802910
    1.177092    1.725180
    1.181763    1.659376
    1.186434    1.599965
    1.191105    1.536175
    1.195776    1.465483
    1.200447    1.403435
    1.205118    1.346376
    1.209789    1.281017
    1.214460    1.238593
    1.219131    1.193657
    1.223802    1.134559
    1.228473    1.073783
    1.233144    1.026081
    1.237815    0.977438
    1.242486    0.936078
    1.247157    0.889907
    1.251828    0.853438
    1.256499    0.811704
    1.261170    0.778256
    1.265841    0.742193
    1.270512    0.708443
    1.275183    0.679871
    1.279854    0.648433
    1.284525    0.625057
    1.289196    0.601339
    1.293867    0.579057
    1.298538    0.555100
    1.303209    0.529795
    1.307880    0.513720
    1.312551    0.493326
    1.317222    0.472033
    1.321893    0.452289
    1.326564    0.449192
    1.331235    0.440081
    1.335906    0.421251
    1.340577    0.410086
    1.345248    0.398748
    1.349919    0.393216
    1.354590    0.392864
    1.359261    0.385758
    1.363932    0.383507
    1.368603    0.379725
    1.373274    0.373313
    1.377945    0.369979
    1.382616    0.371407
    1.387287    0.373832
    1.391958    0.377339
    1.396629    0.382754
    1.401300    0.385920
    1.405971    0.384906
    1.410642    0.389530
    1.415313    0.397474
    1.419984    0.408345
    1.424655    0.416024
    1.429326    0.421118
    1.433997    0.426784
    1.438668    0.433620
    1.443339    0.441900
    1.448010    0.449190
    1.452681    0.460912
    1.457352    0.468787
    1.462023    0.479901
    1.466694    0.489758
    1.471365    0.499819
    1.476036    0.503131
    1.480707    0.508388
    1.485378    0.517578
    1.490049    0.521793
    1.494720    0.526322
    1.499391    0.539134
    1.504062    0.549425
    1.508733    0.552724
    1.513404    0.561836
    1.518075    0.563593
    1.522746    0.575257
    1.527417    0.583184
    1.532088    0.586468
    1.536759    0.587176
    1.541430    0.592179
    1.546101    0.590042
    1.550772    0.596579
    1.555443    0.596077
    1.560114    0.595108
    1.564785    0.598874
    1.569456    0.604129
    1.574127    0.607606
    1.578798    0.603296
    1.583469    0.609841
    1.588140    0.605327
    1.592811    0.606012
    1.597482    0.605313
    1.602153    0.603409
    1.606824    0.600079
    1.611495    0.603004
    1.616166    0.603741
    1.620837    0.603333
    1.625508    0.602027
    1.630179    0.599906
    1.634850    0.601520
    1.639521    0.608480
    1.644192    0.612082
    1.648863    0.617785
    1.653534    0.616824
    1.658205    0.620134
    1.662876    0.622100
    1.667547    0.623031
    1.672218    0.626955
    1.676889    0.631701
    1.681560    0.643869
    1.686231    0.656502
    1.690902    0.673930
    1.695573    0.683041
    1.700244    0.692939
    1.704915    0.708166
    1.709586    0.729334
    1.714257    0.746126
    1.718928    0.769766
    1.723599    0.787915
    1.728270    0.804100
    1.732941    0.825903
    1.737612    0.853582
    1.742283    0.881650
    1.746954    0.906878
    1.751625    0.942720
    1.756296    0.967446
    1.760967    0.994546
    1.765638    1.029774
    1.770309    1.058795
    1.774980    1.089347
    1.779651    1.122929
    1.784322    1.156685
    1.788993    1.195221
    1.793664    1.232127
    1.798335    1.267698
    1.803006    1.296905
    1.807677    1.331084
    1.812348    1.352992
    1.817019    1.387399
    1.821690    1.423468
    1.826361    1.443460
    1.831032    1.467817
    1.835703    1.492009
    1.840374    1.512938
    1.845045    1.532402
    1.849716    1.546966
    1.854387    1.568455
    1.859058    1.581678
    1.863729    1.599427
    1.868400    1.613451
    1.873071    1.627156
    1.877742    1.639400
    1.882413    1.647198
    1.887084    1.655686
    1.891755    1.657933
    1.896426    1.658317
    1.901097    1.654561
    1.905768    1.653144
    1.910439    1.652053
    1.915110    1.645796
    1.919781    1.633929
    1.924452    1.617066
    1.929123    1.605856
    1.933794    1.588159
    1.938465    1.573203
    1.943136    1.553773
    1.947807    1.538885
    1.952478    1.512653
    1.957149    1.496770
    1.961820    1.474142
    1.966491    1.456852
    1.971162    1.430427
    1.975833    1.411498
    1.980504    1.387876
    1.985175    1.367502
    1.989846    1.348853
    1.994517    1.323389
    1.999188    1.296343
    2.003859    1.276618
    2.008530    1.254488
    2.013201    1.231551
    2.017872    1.211189
    2.022543    1.193624
    2.027214    1.174119
    2.031885    1.158730
    2.036556    1.138322
    2.041227    1.113688
    2.045898    1.100132
    2.050569    1.085698
    2.055240    1.068167
    2.059911    1.051566
    2.064582    1.039293
    2.069253    1.017116
    2.073924    1.001531
    2.078595    0.998436
    2.083266    0.984652
    2.087937    0.969136
    2.092608    0.963217
    2.097279    0.956083
    2.101950    0.954142
    2.106621    0.945869
    2.111292    0.932941
    2.115963    0.922734
    2.120634    0.914732
    2.125305    0.907102
    2.129976    0.900458
    2.134647    0.896570
    2.139318    0.887255
    2.143989    0.883452
    2.148660    0.879011
    2.153331    0.874062
    2.158002    0.873141
    2.162673    0.865330
    2.167344    0.862855
    2.172015    0.858716
    2.176686    0.850927
    2.181357    0.852346
    2.186028    0.844716
    2.190699    0.840134
    2.195370    0.841668
    2.200041    0.838826
    2.204712    0.835472
    2.209383    0.832317
    2.214054    0.829666
    2.218725    0.831183
    2.223396    0.831818
    2.228067    0.832589
    2.232738    0.834848
    2.237409    0.838181
    2.242080    0.830974
    2.246751    0.830830
    2.251422    0.829637
    2.256093    0.830299
    2.260764    0.826485
    2.265435    0.832195
    2.270106    0.833007
    2.274777    0.836934
    2.279448    0.839934
    2.284119    0.841340
    2.288790    0.843890
    2.293461    0.854661
    2.298132    0.856315
    2.302803    0.858059
    2.307474    0.861710
    2.312145    0.865638
    2.316816    0.868131
    2.321487    0.874557
    2.326158    0.880323
    2.330829    0.889707
    2.335500    0.895528
    2.340171    0.903048
    2.344842    0.906241
    2.349513    0.913206
    2.354184    0.916421
    2.358855    0.917431
    2.363526    0.926463
    2.368197    0.931840
    2.372868    0.942975
    2.377539    0.948242
    2.382210    0.951992
    2.386881    0.961502
    2.391552    0.961916
    2.396223    0.968112
    2.400894    0.972160
    2.405565    0.975475
    2.410236    0.984086
    2.414907    0.988487
    2.419578    0.990252
    2.424249    0.992421
    2.428920    0.991680
    2.433591    0.998088
    2.438262    1.001689
    2.442933    1.000048
    2.447604    1.005770
    2.452275    1.006344
    2.456946    1.003886
    2.461617    0.996861
    2.466288    0.993872
    2.470959    0.992006
    2.475630    0.987708
    2.480301    0.983774
    2.484972    0.977848
    2.489643    0.977972
    2.494314    0.976451
    2.498985    0.968162
    2.503656    0.960483
    2.508327    0.952783
    2.512998    0.946359
    2.517669    0.940681
    2.522340    0.929813
    2.527011    0.921991
    2.531682    0.913431
    2.536353    0.903459
    2.541024    0.895540
    2.545695    0.882568
    2.550366    0.868807
    2.555037    0.862639
    2.559708    0.854729
    2.564379    0.846093
    2.569050    0.837639
    2.573721    0.830836
    2.578392    0.818680
    2.583063    0.810733
    2.587734    0.803877
    2.592405    0.796123
    2.597076    0.789392
    2.601747    0.776807
    2.606418    0.772501
    2.611089    0.761456
    2.615760    0.757326
    2.620431    0.749454
    2.625102    0.746290
    2.629773    0.744059
    2.634444    0.746648
    2.639115    0.743521
    2.643786    0.742018
    2.648457    0.741649
    2.653128    0.739738
    2.657799    0.742570
    2.662470    0.745333
    2.667141    0.750518
    2.671812    0.758604
    2.676483    0.758230
    2.681154    0.768047
    2.685825    0.775135
    2.690496    0.779921
    2.695167    0.791397
    2.699838    0.803305
    2.704509    0.810318
    2.709180    0.817857
    2.713851    0.830014
    2.718522    0.846193
    2.723193    0.860077
    2.727864    0.874486
    2.732535    0.888184
    2.737206    0.906398
    2.741877    0.924435
    2.746548    0.942232
    2.751219    0.960661
    2.755890    0.977483
    2.760561    0.992803
    2.765232    1.016463
    2.769903    1.029951
    2.774574    1.052713
    2.779245    1.069822
    2.783916    1.086971
    2.788587    1.107282
    2.793258    1.127581
    2.797929    1.151358
    2.802600    1.168832
    2.807271    1.189414
    2.811942    1.210675
    2.816613    1.234874
    2.821284    1.248860
    2.825955    1.264043
    2.830626    1.279276
    2.835297    1.296760
    2.839968    1.310403
    2.844639    1.322583
    2.849310    1.340792
    2.853981    1.353074
    2.858652    1.364049
    2.863323    1.371741
    2.867994    1.378292
    2.872665    1.387031
    2.877336    1.393600
    2.882007    1.400840
    2.886678    1.403981
    2.891349    1.407301
    2.896020    1.414942
    2.900691    1.415082
    2.905362    1.414470
    2.910033    1.410720
    2.914704    1.411318
    2.919375    1.402228
    2.924046    1.400788
    2.928717    1.394789
    2.933388    1.384829
    2.938059    1.379591
    2.942730    1.374763
    2.947401    1.359528
    2.952072    1.342855
    2.956743    1.331279
    2.961414    1.314663
    2.966085    1.300081
    2.970756    1.282862
    2.975427    1.267887
    2.980098    1.249270
    2.984769    1.233285
    2.989440    1.215813
    2.994111    1.197238
    2.998782    1.179186
    3.003453    1.160339
    3.008124    1.141438
    3.012795    1.124518
    3.017466    1.104212
    3.022137    1.088060
    3.026808    1.069846
    3.031479    1.049987
    3.036150    1.031750
    3.040821    1.014562
    3.045492    0.993671
    3.050163    0.975892
    3.054834    0.959514
    3.059505    0.940765
    3.064176    0.931247
    3.068847    0.916384
    3.073518    0.905251
    3.078189    0.890203
    3.082860    0.877287
    3.087531    0.866240
    3.092202    0.853235
    3.096873    0.842714
    3.101544    0.833942
    3.106215    0.830030
    3.110886    0.823062
    3.115557    0.813035
    3.120228    0.810495
    3.124899    0.807766
    3.129570    0.801627
    3.134241    0.799142
    3.138912    0.802416
    3.143583    0.800675
    3.148254    0.798308
    3.152925    0.800886
    3.157596    0.803388
    3.162267    0.807973
    3.166938    0.810428
    3.171609    0.813923
    3.176280    0.819418
    3.180951    0.824749
    3.185622    0.829546
    3.190293    0.835446
    3.194964    0.839808
    3.199635    0.845514
    3.204306    0.851093
    3.208977    0.859255
    3.213648    0.866321
    3.218319    0.870077
    3.222990    0.881949
    3.227661    0.890756
    3.232332    0.897442
    3.237003    0.906647
    3.241674    0.911757
    3.246345    0.918396
    3.251016    0.927607
    3.255687    0.933768
    3.260358    0.937486
    3.265029    0.943158
    3.269700    0.951045
    3.274371    0.960305
    3.279042    0.961786
    3.283713    0.968571
    3.288384    0.972978
    3.293055    0.982832
    3.297726    0.983745
    3.302397    0.990285
    3.307068    0.998475
    3.311739    1.000138
    3.316410    1.005992
    3.321081    1.006445
    3.325752    1.009180
    3.330423    1.011552
    3.335094    1.013380
    3.339765    1.014520
    3.344436    1.011260
    3.349107    1.013962
    3.353778    1.017498
    3.358449    1.015182
    3.363120    1.015978
    3.367791    1.011358
    3.372462    1.010791
    3.377133    1.008432
    3.381804    1.007413
    3.386475    1.007347
    3.391146    1.003420
    3.395817    1.001338
    3.400488    1.001223
    3.405159    0.996164
    3.409830    0.992713
    3.414501    0.992197
    3.419172    0.989829
    3.423843    0.983201
    3.428514    0.980922
    3.433185    0.974800
    3.437856    0.971268
    3.442527    0.967086
    3.447198    0.966046
    3.451869    0.964757
    3.456540    0.957411
    3.461211    0.951096
    3.465882    0.950867
    3.470553    0.944247
    3.475224    0.942799
    3.479895    0.941490
    3.484566    0.937004
    3.489237    0.931507
    3.493908    0.928187
    3.498579    0.925022
    3.503250    0.920582
    3.507921    0.917844
    3.512592    0.910778
    3.517263    0.907574
    3.521934    0.906211
    3.526605    0.904521
    3.531276    0.898513
    3.535947    0.899665
    3.540618    0.893256
    3.545289    0.891621
    3.549960    0.890147
    3.554631    0.887913
    3.559302    0.888760
    3.563973    0.884609
    3.568644    0.885896
    3.573315    0.883865
    3.577986    0.883203
    3.582657    0.880727
    3.587328    0.877437
    3.591999    0.877785
    3.596670    0.878219
    3.601341    0.879225
    3.606012    0.876165
    3.610683    0.877652
    3.615354    0.879330
    3.620025    0.878015
    3.624696    0.878137
    3.629367    0.880661
    3.634038    0.882931
    3.638709    0.885188
    3.643380    0.890606
    3.648051    0.888546
    3.652722    0.889551
    3.657393    0.888742
    3.662064    0.889388
    3.666735    0.893643
    3.671406    0.896056
    3.676077    0.899016
    3.680748    0.905417
    3.685419    0.905143
    3.690090    0.909431
    3.694761    0.913015
    3.699432    0.919313
    3.704103    0.924085
    3.708774    0.928349
    3.713445    0.935430
    3.718116    0.941572
    3.722787    0.945140
    3.727458    0.950243
    3.732129    0.956665
    3.736800    0.965021
    3.741471    0.971467
    3.746142    0.979180
    3.750813    0.988490
    3.755484    0.994807
    3.760155    1.002780
    3.764826    1.010434
    3.769497    1.017970
    3.774168    1.026210
    3.778839    1.038405
    3.783510    1.049369
    3.788181    1.055918
    3.792852    1.068591
    3.797523    1.079095
    3.802194    1.087525
    3.806865    1.099645
    3.811536    1.107321
    3.816207    1.118253
    3.820878    1.128377
    3.825549    1.139043
    3.830220    1.147195
    3.834891    1.157119
    3.839562    1.167339
    3.844233    1.179076
    3.848904    1.186821
    3.853575    1.193435
    3.858246    1.204954
    3.862917    1.217131
    3.867588    1.225707
    3.872259    1.232710
    3.876930    1.240450
    3.881601    1.247154
    3.886272    1.255939
    3.890943    1.264504
    3.895614    1.267576
    3.900285    1.272042
    3.904956    1.278327
    3.909627    1.281879
    3.914298    1.283742
    3.918969    1.287251
    3.923640    1.289770
    3.928311    1.290305
    3.932982    1.291679
    3.937653    1.290551
    3.942324    1.287885
    3.946995    1.287512
    3.951666    1.282443
    3.956337    1.283050
    3.961008    1.279615
    3.965679    1.275234
    3.970350    1.267291
    3.975021    1.266456
    3.979692    1.254501
    3.984363    1.246756
    3.989034    1.238275
    3.993705    1.227236
    3.998376    1.219785
    4.003047    1.209974
    4.007718    1.200653
    4.012389    1.188404
    4.017060    1.176025
    4.021731    1.164251
    4.026402    1.151752
    4.031073    1.140569
    4.035744    1.125930
    4.040415    1.113955
    4.045086    1.101976
    4.049757    1.087195
    4.054428    1.075576
    4.059099    1.064546
    4.063770    1.051454
    4.068441    1.040748
    4.073112    1.029988
    4.077783    1.017404
    4.082454    1.003759
    4.087125    0.990443
    4.091796    0.978739
    4.096467    0.969788
    4.101138    0.957742
    4.105809    0.946594
    4.110480    0.935069
    4.115151    0.924958
    4.119822    0.916477
    4.124493    0.906089
    4.129164    0.899886
    4.133835    0.891476
    4.138506    0.884228
    4.143177    0.881159
    4.147848    0.871466
    4.152519    0.864328
    4.157190    0.859189
    4.161861    0.853724
    4.166532    0.847611
    4.171203    0.842053
    4.175874    0.840595
    4.180545    0.838578
    4.185216    0.835642
    4.189887    0.832272
    4.194558    0.831335
    4.199229    0.829646
    4.203900    0.826677
    4.208571    0.824656
    4.213242    0.825038
    4.217913    0.824576
    4.222584    0.823067
    4.227255    0.821261
    4.231926    0.821164
    4.236597    0.820949
    4.241268    0.820703
    4.245939    0.823649
    4.250610    0.824590
    4.255281    0.825521
    4.259952    0.824527
    4.264623    0.825982
    4.269294    0.825425
    4.273965    0.826075
    4.278636    0.828710
    4.283307    0.827821
    4.287978    0.827814
    4.292649    0.828387
    4.297320    0.828487
    4.301991    0.826227
    4.306662    0.826882
    4.311333    0.827353
    4.316004    0.825686
    4.320675    0.828838
    4.325346    0.829635
    4.330017    0.833304
    4.334688    0.833709
    4.339359    0.833898
    4.344030    0.834664
    4.348701    0.833658
    4.353372    0.831951
    4.358043    0.833638
    4.362714    0.835129
    4.367385    0.839075
    4.372056    0.841837
    4.376727    0.843635
    4.381398    0.844980
    4.386069    0.847938
    4.390740    0.849631
    4.395411    0.850669
    4.400082    0.852105
    4.404753    0.856832
    4.409424    0.856646
    4.414095    0.860005
    4.418766    0.865424
    4.423437    0.869291
    4.428108    0.872908
    4.432779    0.875925
    4.437450    0.878668
    4.442121    0.883113
    4.446792    0.886756
    4.451463    0.889302
    4.456134    0.895401
    4.460805    0.897812
    4.465476    0.903631
    4.470147    0.910670
    4.474818    0.912946
    4.479489    0.919734
    4.484160    0.924926
    4.488831    0.928468
    4.493502    0.936915
    4.498173    0.940196
    4.502844    0.944700
    4.507515    0.951233
    4.512186    0.957441
    4.516857    0.962363
    4.521528    0.967445
    4.526199    0.973102
    4.530870    0.979470
    4.535541    0.985191
    4.540212    0.992432
    4.544883    0.995089
    4.549554    1.001891
    4.554225    1.008122
    4.558896    1.016711
    4.563567    1.021632
    4.568238    1.029122
    4.572909    1.035253
    4.577580    1.038803
    4.582251    1.043577
    4.586922    1.046166
    4.591593    1.053675
    4.596264    1.060695
    4.600935    1.066344
    4.605606    1.070838
    4.610277    1.074737
    4.614948    1.080852
    4.619619    1.089129
    4.624290    1.094926
    4.628961    1.100538
    4.633632    1.108402
    4.638303    1.110844
    4.642974    1.114490
    4.647645    1.122196
    4.652316    1.126390
    4.656987    1.134522
    4.661658    1.137783
    4.666329    1.142150
    4.671000    1.147412
