    0.004671    0.000000
    0.009342    0.000000
    0.014013    0.000000
    0.018684    0.000000
    0.023355    0.000000
    0.028026    0.000000
    0.032697    0.000000
    0.037368    0.000000
    0.042039    0.000000
    0.046710    0.000000
    0.051381    0.000000
    0.056052    0.000000
    0.060723    0.000000
    0.065394    0.000000
    0.070065    0.000000
    0.074736    0.000000
    0.079407    0.000000
    0.084078    0.000000
    0.088749    0.000000
    0.093420    0.000000
    0.098091    0.000000
    0.102762    0.000000
    0.107433    0.000000
    0.112104    0.000000
    0.116775    0.000000
    0.121446    0.000000
    0.126117    0.000000
    0.130788    0.000000
    0.135459    0.000000
    0.140130    0.000000
    0.144801    0.000000
    0.149472    0.000000
    0.154143    0.000000
    0.158814    0.000000
    0.163485    0.000000
    0.168156    0.000000
    0.172827    0.000000
    0.177498    0.000000
    0.182169    0.000000
    0.186840    0.000000
    0.191511    0.000000
    0.196182    0.000000
    0.200853    0.000000
    0.205524    0.000000
    0.210195    0.000000
    0.214866    0.000000
    0.219537    0.000000
    0.224208    0.000000
    0.228879    0.000000
    0.233550    0.000000
    0.238221    0.000000
    0.242892    0.000000
    0.247563    0.000000
    0.252234    0.000000
    0.256905    0.000000
    0.261576    0.000000
    0.266247    0.000000
    0.270918    0.000000
    0.275589    0.000000
    0.280260    0.000000
    0.284931    0.000000
    0.289602    0.000000
    0.294273    0.000000
    0.298944    0.000000
    0.303615    0.000000
    0.308286    0.000000
    0.312957    0.000000
    0.317628    0.000000
    0.322299    0.000000
    0.326970    0.000000
    0.331641    0.000000
    0.336312    0.000000
    0.340983    0.000000
    0.345654    0.000000
    0.350325    0.000000
    0.354996    0.000000
    0.359667    0.000000
    0.364338    0.000000
    0.369009    0.000000
    0.373680    0.000000
    0.378351    0.000000
    0.383022    0.000000
    0.387693    0.000000
    0.392364    0.000000
    0.397035    0.000000
    0.401706    0.000000
    0.406377    0.000000
    0.411048    0.000000
    0.415719    0.000000
    0.420390    0.000000
    0.425061    0.000000
    0.429732    0.000000
    0.434403    0.000000
    0.439074    0.000000
    0.443745    0.000000
    0.448416    0.000000
    0.453087    0.000000
    0.457758    0.000000
    0.462429    0.000000
    0.467100    0.000000
    0.471771    0.000000
    0.476442    0.000000
    0.481113    0.000000
    0.485784    0.000000
    0.490455    0.000000
    0.495126    0.000000
    0.499797    0.000000
    0.504468    0.000000
    0.509139    0.000000
    0.513810    0.000000
    0.518481    0.000000
    0.523152    0.000000
    0.527823    0.000000
    0.532494    0.000000
    0.537165    0.000000
    0.541836    0.000000
    0.546507    0.000000
    0.551178    0.000000
    0.555849    0.000000
    0.560520    0.000000
    0.565191    0.000000
    0.569862    0.000000
    0.574533    0.000000
    0.579204    0.000000
    0.583875    0.000000
    0.588546    0.000000
    0.593217    0.000000
    0.597888    0.000000
    0.602559    0.000000
    0.607230    0.000000
    0.611901    0.000000
    0.616572    0.000000
    0.621243    0.000000
    0.625914    0.000000
    0.630585    0.000000
    0.635256    0.000000
    0.639927    0.000000
    0.644598    0.000000
    0.649269    0.000000
    0.653940    0.000000
    0.658611    0.000000
    0.663282    0.000000
    0.667953    0.000000
    0.672624    0.000000
    0.677295    0.000000
    0.681966    0.000000
    0.686637    0.000000
    0.691308    0.000000
    0.695979    0.000000
    0.700650    0.000000
    0.705321    0.000000
    0.709992    0.000000
    0.714663    0.000000
    0.719334    0.000000
    0.724005    0.000000
    0.728676    0.000000
    0.733347    0.000000
    0.738018    0.000000
    0.742689    0.000000
    0.747360    0.000000
    0.752031    0.000000
    0.756702    0.000000
    0.761373    0.000000
    0.766044    0.000000
    0.770715    0.000000
    0.775386    0.000000
    0.780057    0.000000
    0.784728    0.000000
    0.789399    0.000000
    0.794070    0.000000
    0.798741    0.000000
    0.803412    0.000000
    0.808083    0.000000
    0.812754    0.000000
    0.817425    0.000000
    0.822096    0.000000
    0.826767    0.000000
    0.831438    0.000000
    0.836109    0.000000
    0.840780    0.000000
    0.845451    0.000000
    0.850122    0.000000
    0.854793    0.000000
    0.859464    0.000000
    0.864135    0.000000
    0.868806    0.000000
    0.873477    0.000000
    0.878148    0.000000
    0.882819    0.000000
    0.887490    0.000000
    0.892161    0.000000
    0.896832    0.000000
    0.901503    0.000000
    0.906174    0.000000
    0.910845    0.000000
    0.915516    0.000041
    0.920187    0.000381
    0.924858    0.000616
    0.929529    0.002123
    0.934200    0.003846
    0.938871    0.006772
    0.943542    0.013511
    0.948213    0.021043
    0.952884    0.034410
    0.957555    0.058983
    0.962226    0.093614
    0.966897    0.135894
    0.971568    0.199382
    0.976239    0.281691
    0.980910    0.380544
    0.985581    0.504408
    0.990252    0.656505
    0.994923    0.828485
    0.999594    1.032666
    1.004265    1.272183
    1.008936    1.541745
    1.013607    1.807984
    1.018278    2.094614
    1.022949    2.367119
    1.027620    2.682741
    1.032291    3.010395
    1.036962    3.306821
    1.041633    3.589768
    1.046304    3.875854
    1.050975    4.144035
    1.055646    4.405020
    1.060317    4.583379
    1.064988    4.737548
    1.069659    4.923387
    1.074330    5.018386
    1.079001    5.077351
    1.083672    5.101966
    1.088343    5.095040
    1.093014    5.062043
    1.097685    5.011174
    1.102356    4.950398
    1.107027    4.790781
    1.111698    4.662801
    1.116369    4.506231
    1.121040    4.325457
    1.125711    4.144544
    1.130382    3.935319
    1.135053    3.749123
    1.139724    3.544626
    1.144395    3.336539
    1.149066    3.128695
    1.153737    2.904724
    1.158408    2.696520
    1.163079    2.504761
    1.167750    2.309973
    1.172421    2.115288
    1.177092    1.941231
    1.181763    1.777079
    1.186434    1.599017
    1.191105    1.465068
    1.195776    1.322345
    1.200447    1.189948
    1.205118    1.055168
    1.209789    0.955012
    1.214460    0.852050
    1.219131    0.756788
    1.223802    0.666702
    1.228473    0.586797
    1.233144    0.516437
    1.237815    0.456099
    1.242486    0.396980
    1.247157    0.350559
    1.251828    0.297974
    1.256499    0.267045
    1.261170    0.230190
    1.265841    0.203562
    1.270512    0.174065
    1.275183    0.149832
    1.279854    0.129139
    1.284525    0.109774
    1.289196    0.091002
    1.293867    0.077671
    1.298538    0.068500
    1.303209    0.059266
    1.307880    0.052700
    1.312551    0.044336
    1.317222    0.039771
    1.321893    0.034555
    1.326564    0.032546
    1.331235    0.029896
    1.335906    0.031376
    1.340577    0.029230
    1.345248    0.033371
    1.349919    0.033944
    1.354590    0.038275
    1.359261    0.042559
    1.363932    0.046550
    1.368603    0.052659
    1.373274    0.058663
    1.377945    0.065557
    1.382616    0.073349
    1.387287    0.082728
    1.391958    0.093852
    1.396629    0.103082
    1.401300    0.115682
    1.405971    0.131855
    1.410642    0.152734
    1.415313    0.165615
    1.419984    0.189492
    1.424655    0.205857
    1.429326    0.232941
    1.433997    0.254610
    1.438668    0.278094
    1.443339    0.306261
    1.448010    0.339850
    1.452681    0.372607
    1.457352    0.410361
    1.462023    0.436871
    1.466694    0.479085
    1.471365    0.516425
    1.476036    0.559967
    1.480707    0.598699
    1.485378    0.623255
    1.490049    0.656276
    1.494720    0.695692
    1.499391    0.725887
    1.504062    0.773684
    1.508733    0.799609
    1.513404    0.835226
    1.518075    0.860838
    1.522746    0.889304
    1.527417    0.917597
    1.532088    0.944013
    1.536759    0.962693
    1.541430    0.980661
    1.546101    0.988793
    1.550772    1.002209
    1.555443    1.000607
    1.560114    0.998551
    1.564785    0.996864
    1.569456    0.995109
    1.574127    0.988359
    1.578798    0.966785
    1.583469    0.943456
    1.588140    0.927481
    1.592811    0.894684
    1.597482    0.870239
    1.602153    0.846242
    1.606824    0.807478
    1.611495    0.762548
    1.616166    0.720612
    1.620837    0.680540
    1.625508    0.651903
    1.630179    0.608159
    1.634850    0.566797
    1.639521    0.528566
    1.644192    0.495244
    1.648863    0.454709
    1.653534    0.423961
    1.658205    0.389648
    1.662876    0.353091
    1.667547    0.324634
    1.672218    0.299598
    1.676889    0.272568
    1.681560    0.246868
    1.686231    0.223849
    1.690902    0.205005
    1.695573    0.188138
    1.700244    0.175295
    1.704915    0.163721
    1.709586    0.159252
    1.714257    0.155285
    1.718928    0.154761
    1.723599    0.157030
    1.728270    0.164488
    1.732941    0.173410
    1.737612    0.186419
    1.742283    0.208503
    1.746954    0.231073
    1.751625    0.263664
    1.756296    0.294999
    1.760967    0.337746
    1.765638    0.381919
    1.770309    0.430328
    1.774980    0.489619
    1.779651    0.552889
    1.784322    0.613093
    1.788993    0.686602
    1.793664    0.768326
    1.798335    0.861052
    1.803006    0.951972
    1.807677    1.047361
    1.812348    1.151422
    1.817019    1.264700
    1.821690    1.372032
    1.826361    1.491718
    1.831032    1.606747
    1.835703    1.720719
    1.840374    1.844190
    1.845045    1.959373
    1.849716    2.061424
    1.854387    2.177319
    1.859058    2.277862
    1.863729    2.381017
    1.868400    2.473550
    1.873071    2.554735
    1.877742    2.621117
    1.882413    2.693876
    1.887084    2.735144
    1.891755    2.779293
    1.896426    2.806891
    1.901097    2.815814
    1.905768    2.812448
    1.910439    2.795561
    1.915110    2.786638
    1.919781    2.737702
    1.924452    2.700718
    1.929123    2.637503
    1.933794    2.563192
    1.938465    2.491658
    1.943136    2.400565
    1.947807    2.300914
    1.952478    2.206307
    1.957149    2.111754
    1.961820    2.009387
    1.966491    1.911624
    1.971162    1.797083
    1.975833    1.690366
    1.980504    1.574702
    1.985175    1.466571
    1.989846    1.366936
    1.994517    1.272112
    1.999188    1.165957
    2.003859    1.072524
    2.008530    0.986323
    2.013201    0.900806
    2.017872    0.824793
    2.022543    0.755792
    2.027214    0.683711
    2.031885    0.623595
    2.036556    0.577193
    2.041227    0.529426
    2.045898    0.487883
    2.050569    0.454905
    2.055240    0.430831
    2.059911    0.406144
    2.064582    0.390409
    2.069253    0.387342
    2.073924    0.382343
    2.078595    0.384844
    2.083266    0.396740
    2.087937    0.409787
    2.092608    0.422966
    2.097279    0.442465
    2.101950    0.472769
    2.106621    0.506049
    2.111292    0.536451
    2.115963    0.567642
    2.120634    0.603929
    2.125305    0.639364
    2.129976    0.680362
    2.134647    0.723063
    2.139318    0.765328
    2.143989    0.804955
    2.148660    0.838986
    2.153331    0.877420
    2.158002    0.912935
    2.162673    0.939962
    2.167344    0.966058
    2.172015    0.993784
    2.176686    1.020020
    2.181357    1.039431
    2.186028    1.044935
    2.190699    1.038616
    2.195370    1.043228
    2.200041    1.049377
    2.204712    1.045250
    2.209383    1.035535
    2.214054    1.033912
    2.218725    1.009428
    2.223396    0.985780
    2.228067    0.967953
    2.232738    0.942679
    2.237409    0.911932
    2.242080    0.888312
    2.246751    0.852439
    2.251422    0.818245
    2.256093    0.794616
    2.260764    0.760876
    2.265435    0.726630
    2.270106    0.695423
    2.274777    0.664139
    2.279448    0.635379
    2.284119    0.612852
    2.288790    0.591981
    2.293461    0.578572
    2.298132    0.556055
    2.302803    0.540899
    2.307474    0.530652
    2.312145    0.526839
    2.316816    0.529380
    2.321487    0.531573
    2.326158    0.540190
    2.330829    0.550576
    2.335500    0.568574
    2.340171    0.585451
    2.344842    0.608159
    2.349513    0.644345
    2.354184    0.678191
    2.358855    0.712680
    2.363526    0.760562
    2.368197    0.802393
    2.372868    0.843833
    2.377539    0.889879
    2.382210    0.940805
    2.386881    0.999442
    2.391552    1.047799
    2.396223    1.095332
    2.400894    1.150171
    2.405565    1.205457
    2.410236    1.258755
    2.414907    1.308890
    2.419578    1.353420
    2.424249    1.396341
    2.428920    1.435402
    2.433591    1.473909
    2.438262    1.499901
    2.442933    1.529818
    2.447604    1.551454
    2.452275    1.563299
    2.456946    1.571183
    2.461617    1.568864
    2.466288    1.570806
    2.470959    1.561315
    2.475630    1.550969
    2.480301    1.526983
    2.484972    1.506713
    2.489643    1.473075
    2.494314    1.443790
    2.498985    1.400641
    2.503656    1.357976
    2.508327    1.313984
    2.512998    1.263260
    2.517669    1.212468
    2.522340    1.161947
    2.527011    1.101919
    2.531682    1.052405
    2.536353    0.998846
    2.541024    0.942815
    2.545695    0.891449
    2.550366    0.844531
    2.555037    0.800339
    2.559708    0.748489
    2.564379    0.702194
    2.569050    0.665087
    2.573721    0.626571
    2.578392    0.595722
    2.583063    0.561979
    2.587734    0.535263
    2.592405    0.513093
    2.597076    0.490930
    2.601747    0.473634
    2.606418    0.456573
    2.611089    0.447878
    2.615760    0.442943
    2.620431    0.436533
    2.625102    0.433163
    2.629773    0.435910
    2.634444    0.435033
    2.639115    0.439592
    2.643786    0.443923
    2.648457    0.449234
    2.653128    0.453123
    2.657799    0.462269
    2.662470    0.467154
    2.667141    0.468292
    2.671812    0.474861
    2.676483    0.480391
    2.681154    0.486564
    2.685825    0.492808
    2.690496    0.496501
    2.695167    0.499168
    2.699838    0.495297
    2.704509    0.498831
    2.709180    0.504607
    2.713851    0.506611
    2.718522    0.502225
    2.723193    0.507659
    2.727864    0.507425
    2.732535    0.513481
    2.737206    0.518535
    2.741877    0.521450
    2.746548    0.528385
    2.751219    0.539518
    2.755890    0.550486
    2.760561    0.568098
    2.765232    0.589692
    2.769903    0.613119
    2.774574    0.642225
    2.779245    0.679388
    2.783916    0.712928
    2.788587    0.752764
    2.793258    0.800820
    2.797929    0.852352
    2.802600    0.904631
    2.807271    0.962987
    2.811942    1.030379
    2.816613    1.101688
    2.821284    1.174532
    2.825955    1.246815
    2.830626    1.323348
    2.835297    1.403622
    2.839968    1.485239
    2.844639    1.560097
    2.849310    1.641073
    2.853981    1.726253
    2.858652    1.806496
    2.863323    1.879012
    2.867994    1.943596
    2.872665    2.021211
    2.877336    2.081891
    2.882007    2.131060
    2.886678    2.180916
    2.891349    2.224849
    2.896020    2.255508
    2.900691    2.282442
    2.905362    2.295963
    2.910033    2.304782
    2.914704    2.299759
    2.919375    2.288556
    2.924046    2.269907
    2.928717    2.245032
    2.933388    2.209698
    2.938059    2.163077
    2.942730    2.119111
    2.947401    2.063684
    2.952072    1.997901
    2.956743    1.934518
    2.961414    1.859785
    2.966085    1.783001
    2.970756    1.702774
    2.975427    1.628583
    2.980098    1.553162
    2.984769    1.474811
    2.989440    1.393331
    2.994111    1.311581
    2.998782    1.238540
    3.003453    1.160961
    3.008124    1.086656
    3.012795    1.022135
    3.017466    0.957362
    3.022137    0.891650
    3.026808    0.834094
    3.031479    0.778630
    3.036150    0.721198
    3.040821    0.676826
    3.045492    0.630865
    3.050163    0.594335
    3.054834    0.558693
    3.059505    0.527664
    3.064176    0.498700
    3.068847    0.473950
    3.073518    0.448363
    3.078189    0.430206
    3.082860    0.414393
    3.087531    0.401400
    3.092202    0.393290
    3.096873    0.380425
    3.101544    0.372267
    3.106215    0.368594
    3.110886    0.364844
    3.115557    0.363504
    3.120228    0.360251
    3.124899    0.363450
    3.129570    0.364814
    3.134241    0.369239
    3.138912    0.379386
    3.143583    0.388586
    3.148254    0.400299
    3.152925    0.408673
    3.157596    0.422707
    3.162267    0.437869
    3.166938    0.457414
    3.171609    0.475879
    3.176280    0.500332
    3.180951    0.527199
    3.185622    0.550595
    3.190293    0.581929
    3.194964    0.612553
    3.199635    0.648552
    3.204306    0.682304
    3.208977    0.718378
    3.213648    0.757206
    3.218319    0.798148
    3.222990    0.838710
    3.227661    0.879984
    3.232332    0.922364
    3.237003    0.968287
    3.241674    1.004941
    3.246345    1.044138
    3.251016    1.085166
    3.255687    1.125022
    3.260358    1.161228
    3.265029    1.198007
    3.269700    1.232209
    3.274371    1.259528
    3.279042    1.282388
    3.283713    1.309464
    3.288384    1.327383
    3.293055    1.345169
    3.297726    1.357009
    3.302397    1.358790
    3.307068    1.364416
    3.311739    1.361227
    3.316410    1.353623
    3.321081    1.341423
    3.325752    1.337829
    3.330423    1.320986
    3.335094    1.310229
    3.339765    1.291017
    3.344436    1.270466
    3.349107    1.249688
    3.353778    1.226694
    3.358449    1.205202
    3.363120    1.178941
    3.367791    1.155698
    3.372462    1.131555
    3.377133    1.109847
    3.381804    1.084182
    3.386475    1.063249
    3.391146    1.047277
    3.395817    1.030959
    3.400488    1.012939
    3.405159    0.995976
    3.409830    0.984798
    3.414501    0.974102
    3.419172    0.962643
    3.423843    0.956701
    3.428514    0.946033
    3.433185    0.941112
    3.437856    0.942240
    3.442527    0.941008
    3.447198    0.935091
    3.451869    0.932067
    3.456540    0.930645
    3.461211    0.927783
    3.465882    0.922635
    3.470553    0.922496
    3.475224    0.916977
    3.479895    0.916906
    3.484566    0.902593
    3.489237    0.901338
    3.493908    0.899681
    3.498579    0.894313
    3.503250    0.886347
    3.507921    0.877314
    3.512592    0.867201
    3.517263    0.864423
    3.521934    0.858217
    3.526605    0.848060
    3.531276    0.837354
    3.535947    0.830837
    3.540618    0.823441
    3.545289    0.818641
    3.549960    0.812538
    3.554631    0.810816
    3.559302    0.809287
    3.563973    0.806681
    3.568644    0.803519
    3.573315    0.801657
    3.577986    0.801135
    3.582657    0.804455
    3.587328    0.806383
    3.591999    0.814554
    3.596670    0.816901
    3.601341    0.821328
    3.606012    0.827431
    3.610683    0.832290
    3.615354    0.833939
    3.620025    0.841397
    3.624696    0.840761
    3.629367    0.844529
    3.634038    0.846771
    3.638709    0.852382
    3.643380    0.853348
    3.648051    0.850789
    3.652722    0.852257
    3.657393    0.852723
    3.662064    0.847551
    3.666735    0.842791
    3.671406    0.844991
    3.676077    0.839014
    3.680748    0.833375
    3.685419    0.823978
    3.690090    0.816654
    3.694761    0.811472
    3.699432    0.806085
    3.704103    0.804831
    3.708774    0.799266
    3.713445    0.796004
    3.718116    0.792134
    3.722787    0.787755
    3.727458    0.787018
    3.732129    0.785684
    3.736800    0.785118
    3.741471    0.784103
    3.746142    0.786849
    3.750813    0.794349
    3.755484    0.796858
    3.760155    0.804409
    3.764826    0.807357
    3.769497    0.811819
    3.774168    0.825603
    3.778839    0.836778
    3.783510    0.847270
    3.788181    0.856896
    3.792852    0.871235
    3.797523    0.886554
    3.802194    0.903968
    3.806865    0.919067
    3.811536    0.936363
    3.816207    0.955109
    3.820878    0.974059
    3.825549    0.989598
    3.830220    1.011880
    3.834891    1.038884
    3.839562    1.061734
    3.844233    1.091456
    3.848904    1.115300
    3.853575    1.144840
    3.858246    1.180773
    3.862917    1.210505
    3.867588    1.245706
    3.872259    1.283818
    3.876930    1.320252
    3.881601    1.359992
    3.886272    1.402062
    3.890943    1.437847
    3.895614    1.478370
    3.900285    1.522714
    3.904956    1.564933
    3.909627    1.605839
    3.914298    1.647241
    3.918969    1.685818
    3.923640    1.721665
    3.928311    1.750648
    3.932982    1.781810
    3.937653    1.812553
    3.942324    1.835941
    3.946995    1.853493
    3.951666    1.864394
    3.956337    1.876028
    3.961008    1.874526
    3.965679    1.872246
    3.970350    1.863333
    3.975021    1.851423
    3.979692    1.832239
    3.984363    1.806054
    3.989034    1.771241
    3.993705    1.738594
    3.998376    1.698155
    4.003047    1.658850
    4.007718    1.604680
    4.012389    1.550852
    4.017060    1.493395
    4.021731    1.438804
    4.026402    1.383102
    4.031073    1.320676
    4.035744    1.257505
    4.040415    1.193742
    4.045086    1.130400
    4.049757    1.069772
    4.054428    1.006544
    4.059099    0.945240
    4.063770    0.885024
    4.068441    0.830851
    4.073112    0.775240
    4.077783    0.721193
    4.082454    0.674042
    4.087125    0.633360
    4.091796    0.595007
    4.096467    0.559692
    4.101138    0.527433
    4.105809    0.500918
    4.110480    0.481888
    4.115151    0.463716
    4.119822    0.449083
    4.124493    0.436740
    4.129164    0.431627
    4.133835    0.431340
    4.138506    0.437428
    4.143177    0.442839
    4.147848    0.455383
    4.152519    0.470261
    4.157190    0.487794
    4.161861    0.505994
    4.166532    0.527719
    4.171203    0.555123
    4.175874    0.579752
    4.180545    0.608910
    4.185216    0.640174
    4.189887    0.672051
    4.194558    0.706829
    4.199229    0.741025
    4.203900    0.773599
    4.208571    0.807549
    4.213242    0.843356
    4.217913    0.875333
    4.222584    0.902330
    4.227255    0.927488
    4.231926    0.951688
    4.236597    0.978163
    4.241268    1.000050
    4.245939    1.016567
    4.250610    1.032772
    4.255281    1.046702
    4.259952    1.057566
    4.264623    1.064641
    4.269294    1.068009
    4.273965    1.070082
    4.278636    1.065853
    4.283307    1.062680
    4.287978    1.053517
    4.292649    1.043193
    4.297320    1.027243
    4.301991    1.014188
    4.306662    0.996501
    4.311333    0.975803
    4.316004    0.957145
    4.320675    0.935826
    4.325346    0.912737
    4.330017    0.885894
    4.334688    0.861965
    4.339359    0.838762
    4.344030    0.815615
    4.348701    0.792658
    4.353372    0.770236
    4.358043    0.748726
    4.362714    0.728569
    4.367385    0.711704
    4.372056    0.695002
    4.376727    0.678110
    4.381398    0.664514
    4.386069    0.652636
    4.390740    0.646724
    4.395411    0.639187
    4.400082    0.638031
    4.404753    0.635652
    4.409424    0.633914
    4.414095    0.637033
    4.418766    0.643876
    4.423437    0.651434
    4.428108    0.658986
    4.432779    0.670661
    4.437450    0.681814
    4.442121    0.697350
    4.446792    0.712022
    4.451463    0.732353
    4.456134    0.751555
    4.460805    0.771918
    4.465476    0.792428
    4.470147    0.818136
    4.474818    0.840575
    4.479489    0.863273
    4.484160    0.886087
    4.488831    0.910225
    4.493502    0.927196
    4.498173    0.950119
    4.502844    0.972066
    4.507515    0.990428
    4.512186    1.010169
    4.516857    1.029238
    4.521528    1.040068
    4.526199    1.056543
    4.530870    1.070429
    4.535541    1.079687
    4.540212    1.090044
    4.544883    1.093732
    4.549554    1.098844
    4.554225    1.106061
    4.558896    1.109446
    4.563567    1.106670
    4.568238    1.109137
    4.572909    1.102081
    4.577580    1.096235
    4.582251    1.093786
    4.586922    1.088115
    4.591593    1.081326
    4.596264    1.071705
    4.600935    1.063337
    4.605606    1.058165
    4.610277    1.053289
    4.614948    1.044926
    4.619619    1.041960
    4.624290    1.035577
    4.628961    1.032356
    4.633632    1.029208
    4.638303    1.030564
    4.642974    1.026678
    4.647645    1.026926
    4.652316    1.028076
    4.656987    1.034198
    4.661658    1.037753
    4.666329    1.046873
    4.671000    1.053509
