    0.004671    0.000000
    0.009342    0.000000
    0.014013    0.000000
    0.018684    0.000000
    0.023355    0.000000
    0.028026    0.000000
    0.032697    0.000000
    0.037368    0.000000
    0.042039    0.000000
    0.046710    0.000000
    0.051381    0.000000
    0.056052    0.000000
    0.060723    0.000000
    0.065394    0.000000
    0.070065    0.000000
    0.074736    0.000000
    0.079407    0.000000
    0.084078    0.000000
    0.088749    0.000000
    0.093420    0.000000
    0.098091    0.000000
    0.102762    0.000000
    0.107433    0.000000
    0.112104    0.000000
    0.116775    0.000000
    0.121446    0.000000
    0.126117    0.000000
    0.130788    0.000000
    0.135459    0.000000
    0.140130    0.000000
    0.144801    0.000000
    0.149472    0.000000
    0.154143    0.000000
    0.158814    0.000000
    0.163485    0.000000
    0.168156    0.000000
    0.172827    0.000000
    0.177498    0.000000
    0.182169    0.000000
    0.186840    0.000000
    0.191511    0.000000
    0.196182    0.000000
    0.200853    0.000000
    0.205524    0.000000
    0.210195    0.000000
    0.214866    0.000000
    0.219537    0.000000
    0.224208    0.000000
    0.228879    0.000000
    0.233550    0.000000
    0.238221    0.000000
    0.242892    0.000000
    0.247563    0.000000
    0.252234    0.000000
    0.256905    0.000000
    0.261576    0.000000
    0.266247    0.000000
    0.270918    0.000000
    0.275589    0.000000
    0.280260    0.000000
    0.284931    0.000000
    0.289602    0.000000
    0.294273    0.000000
    0.298944    0.000000
    0.303615    0.000000
    0.308286    0.000000
    0.312957    0.000000
    0.317628    0.000000
    0.322299    0.000000
    0.326970    0.000000
    0.331641    0.000000
    0.336312    0.000000
    0.340983    0.000000
    0.345654    0.000000
    0.350325    0.000000
    0.354996    0.000000
    0.359667    0.000000
    0.364338    0.000000
    0.369009    0.000000
    0.373680    0.000000
    0.378351    0.000000
    0.383022    0.000000
    0.387693    0.000000
    0.392364    0.000000
    0.397035    0.000000
    0.401706    0.000000
    0.406377    0.000000
    0.411048    0.000000
    0.415719    0.000000
    0.420390    0.000000
    0.425061    0.000000
    0.429732    0.000000
    0.434403    0.000000
    0.439074    0.000000
    0.443745    0.000000
    0.448416    0.000000
    0.453087    0.000000
    0.457758    0.000000
    0.462429    0.000000
    0.467100    0.000000
    0.471771    0.000000
    0.476442    0.000000
    0.481113    0.000000
    0.485784    0.000000
    0.490455    0.000000
    0.495126    0.000000
    0.499797    0.000000
    0.504468    0.000000
    0.509139    0.000000
    0.513810    0.000000
    0.518481    0.000000
    0.523152    0.000000
    0.527823    0.000000
    0.532494    0.000000
    0.537165    0.000000
    0.541836    0.000000
    0.546507    0.000000
    0.551178    0.000000
    0.555849    0.000000
    0.560520    0.000000
    0.565191    0.000000
    0.569862    0.000000
    0.574533    0.000000
    0.579204    0.000000
    0.583875    0.000000
    0.588546    0.000000
    0.593217    0.000000
    0.597888    0.000000
    0.602559    0.000000
    0.607230    0.000000
    0.611901    0.000000
    0.616572    0.000000
    0.621243    0.000000
    0.625914    0.000000
    0.630585    0.000000
    0.635256    0.000000
    0.639927    0.000000
    0.644598    0.000000
    0.649269    0.000000
    0.653940    0.000000
    0.658611    0.000000
    0.663282    0.000000
    0.667953    0.000000
    0.672624    0.000000
    0.677295    0.000000
    0.681966    0.000000
    0.686637    0.000000
    0.691308    0.000000
    0.695979    0.000000
    0.700650    0.000000
    0.705321    0.000000
    0.709992    0.000000
    0.714663    0.000000
    0.719334    0.000000
    0.724005    0.000000
    0.728676    0.000000
    0.733347    0.000000
    0.738018    0.000000
    0.742689    0.000000
    0.747360    0.000000
    0.752031    0.000000
    0.756702    0.000000
    0.761373    0.000000
    0.766044    0.000000
    0.770715    0.000000
    0.775386    0.000000
    0.780057    0.000000
    0.784728    0.000000
    0.789399    0.000000
    0.794070    0.000000
    0.798741    0.000000
    0.803412    0.000000
    0.808083    0.000000
    0.812754    0.000000
    0.817425    0.000000
    0.822096    0.000000
    0.826767    0.000000
    0.831438    0.000000
    0.836109    0.000000
    0.840780    0.000000
    0.845451    0.000000
    0.850122    0.000000
    0.854793    0.000000
    0.859464    0.000000
    0.864135    0.000000
    0.868806    0.000000
    0.873477    0.000000
    0.878148    0.000000
    0.882819    0.000000
    0.887490    0.000000
    0.892161    0.000000
    0.896832    0.000000
    0.901503    0.000000
    0.906174    0.000000
    0.910845    0.000000
    0.915516    0.000002
    0.920187    0.000022
    0.924858    0.000055
    0.929529    0.000169
    0.934200    0.000378
    0.938871    0.000749
    0.943542    0.001497
    0.948213    0.002674
    0.952884    0.004618
    0.957555    0.007982
    0.962226    0.013373
    0.966897    0.021276
    0.971568    0.032983
    0.976239    0.049682
    0.980910    0.072458
    0.985581    0.102936
    0.990252    0.142980
    0.994923    0.193993
    0.999594    0.258176
    1.004265    0.337987
    1.008936    0.435610
    1.013607    0.551154
    1.018278    0.686253
    1.022949    0.840331
    1.027620    1.016552
    1.032291    1.216097
    1.036962    1.437280
    1.041633    1.679555
    1.046304    1.943490
    1.050975    2.228213
    1.055646    2.533563
    1.060317    2.854095
    1.064988    3.188334
    1.069659    3.538738
    1.074330    3.899029
    1.079001    4.266730
    1.083672    4.639419
    1.088343    5.014818
    1.093014    5.390994
    1.097685    5.766580
    1.102356    6.140774
    1.107027    6.505979
    1.111698    6.864434
    1.116369    7.213770
    1.121040    7.551903
    1.125711    7.878599
    1.130382    8.191383
    1.135053    8.491836
    1.139724    8.778243
    1.144395    9.050051
    1.149066    9.307012
    1.153737    9.547521
    1.158408    9.772603
    1.163079    9.983368
    1.167750   10.179307
    1.172421   10.360170
    1.177092   10.527477
    1.181763   10.681853
    1.186434   10.821862
    1.191105   10.951154
    1.195776   11.068767
    1.200447   11.175434
    1.205118   11.270756
    1.209789   11.357701
    1.214460   11.435872
    1.219131   11.505838
    1.223802   11.567949
    1.228473   11.623034
    1.233144   11.671883
    1.237815   11.715353
    1.242486   11.753474
    1.247157   11.787391
    1.251828   11.816436
    1.256499   11.842662
    1.261170   11.865436
    1.265841   11.885726
    1.270512   11.903203
    1.275183   11.918359
    1.279854   11.931517
    1.284525   11.942783
    1.289196   11.952192
    1.293867   11.960280
    1.298538   11.967465
    1.303209   11.973726
    1.307880   11.979333
    1.312551   11.984084
    1.317222   11.988377
    1.321893   11.992133
    1.326564   11.995695
    1.331235   11.998991
    1.335906   12.002474
    1.340577   12.005741
    1.345248   12.009498
    1.349919   12.013345
    1.354590   12.017714
    1.359261   12.022605
    1.363932   12.027992
    1.368603   12.034127
    1.373274   12.041009
    1.377945   12.048752
    1.382616   12.057473
    1.387287   12.067377
    1.391958   12.078688
    1.396629   12.091196
    1.401300   12.105325
    1.405971   12.121538
    1.410642   12.140444
    1.415313   12.161079
    1.419984   12.184846
    1.424655   12.210836
    1.429326   12.240438
    1.433997   12.273006
    1.438668   12.308809
    1.443339   12.348496
    1.448010   12.392820
    1.452681   12.441731
    1.457352   12.495945
    1.462023   12.554031
    1.466694   12.618138
    1.471365   12.687683
    1.476036   12.763570
    1.480707   12.845221
    1.485378   12.930758
    1.490049   13.021394
    1.494720   13.118077
    1.499391   13.219588
    1.504062   13.328458
    1.508733   13.441677
    1.513404   13.560671
    1.518075   13.684073
    1.522746   13.812341
    1.527417   13.945504
    1.532088   14.083339
    1.536759   14.224759
    1.541430   14.369697
    1.546101   14.516723
    1.550772   14.666646
    1.555443   14.817232
    1.560114   14.968413
    1.564785   15.120244
    1.569456   15.272713
    1.574127   15.425051
    1.578798   15.574950
    1.583469   15.722098
    1.588140   15.867609
    1.592811   16.008802
    1.597482   16.146943
    1.602153   16.282062
    1.606824   16.411745
    1.611495   16.534924
    1.616166   16.652006
    1.620837   16.763216
    1.625508   16.870362
    1.630179   16.970893
    1.634850   17.065125
    1.639521   17.153504
    1.644192   17.236783
    1.648863   17.313681
    1.653534   17.385786
    1.658205   17.452431
    1.662876   17.513163
    1.667547   17.569315
    1.672218   17.621427
    1.676889   17.669103
    1.681560   17.712524
    1.686231   17.752116
    1.690902   17.788576
    1.695573   17.822221
    1.700244   17.853743
    1.704915   17.883345
    1.709586   17.912297
    1.714257   17.940682
    1.718928   17.969126
    1.723599   17.998145
    1.728270   18.028706
    1.732941   18.061099
    1.737612   18.096111
    1.742283   18.135480
    1.746954   18.179346
    1.751625   18.229667
    1.756296   18.286269
    1.760967   18.351418
    1.765638   18.425478
    1.770309   18.509369
    1.774980   18.605322
    1.779651   18.714245
    1.784322   18.835664
    1.788993   18.972354
    1.793664   19.126113
    1.798335   19.299328
    1.803006   19.491829
    1.807677   19.704717
    1.812348   19.939968
    1.817019   20.199697
    1.821690   20.482919
    1.826361   20.792429
    1.831032   21.127513
    1.835703   21.488198
    1.840374   21.876734
    1.845045   22.291636
    1.849716   22.730360
    1.854387   23.196092
    1.859058   23.685789
    1.863729   24.200237
    1.868400   24.737361
    1.873071   25.294891
    1.877742   25.869764
    1.882413   26.463539
    1.887084   27.069405
    1.891755   27.688102
    1.896426   28.316032
    1.901097   28.949065
    1.905768   29.584452
    1.910439   30.219124
    1.915110   30.854867
    1.919781   31.482497
    1.924452   32.104664
    1.929123   32.715222
    1.933794   33.311454
    1.938465   33.893850
    1.943136   34.457661
    1.947807   35.000669
    1.952478   35.523850
    1.957149   36.027009
    1.961820   36.508065
    1.966491   36.967898
    1.971162   37.402235
    1.975833   37.812718
    1.980504   38.196924
    1.985175   38.556437
    1.989846   38.893104
    1.994517   39.207890
    1.999188   39.497760
    2.003859   39.765649
    2.008530   40.013157
    2.013201   40.240259
    2.017872   40.449162
    2.022543   40.641477
    2.027214   40.816254
    2.031885   40.976400
    2.036556   41.125311
    2.041227   41.262526
    2.045898   41.389553
    2.050569   41.508536
    2.055240   41.621736
    2.059911   41.728935
    2.064582   41.832448
    2.069253   41.935614
    2.073924   42.037909
    2.078595   42.141337
    2.083266   42.248442
    2.087937   42.359566
    2.092608   42.474777
    2.097279   42.595838
    2.101950   42.725768
    2.106621   42.865462
    2.111292   43.014207
    2.115963   43.172297
    2.120634   43.341236
    2.125305   43.520877
    2.129976   43.712878
    2.134647   43.917825
    2.139318   44.135703
    2.143989   44.365863
    2.148660   44.606800
    2.153331   44.859872
    2.158002   45.124330
    2.162673   45.397798
    2.167344   45.680073
    2.172015   45.971703
    2.176686   46.272320
    2.181357   46.579974
    2.186028   46.890584
    2.190699   47.200636
    2.195370   47.513394
    2.200041   47.829335
    2.204712   48.145372
    2.209383   48.459800
    2.214054   48.775064
    2.218725   49.084162
    2.223396   49.387291
    2.228067   49.686190
    2.232738   49.978506
    2.237409   50.262473
    2.242080   50.540240
    2.246751   50.807903
    2.251422   51.065897
    2.256093   51.317483
    2.260764   51.559384
    2.265435   51.791354
    2.270106   52.014277
    2.274777   52.228048
    2.279448   52.433404
    2.284119   52.632291
    2.288790   52.825192
    2.293461   53.014493
    2.298132   53.197169
    2.302803   53.375589
    2.307474   53.551340
    2.312145   53.726535
    2.316816   53.903288
    2.321487   54.081488
    2.326158   54.263307
    2.330829   54.449367
    2.335500   54.642280
    2.340171   54.841714
    2.344842   55.049711
    2.349513   55.270964
    2.354184   55.504765
    2.358855   55.751432
    2.363526   56.015715
    2.368197   56.295636
    2.372868   56.591177
    2.377539   56.904073
    2.382210   57.236177
    2.386881   57.590364
    2.391552   57.963143
    2.396223   58.354357
    2.400894   58.766760
    2.405565   59.200670
    2.410236   59.655527
    2.414907   60.130335
    2.419578   60.623197
    2.424249   61.133655
    2.428920   61.660416
    2.433591   62.203391
    2.438262   62.758064
    2.442933   63.325971
    2.447604   63.904113
    2.452275   64.488896
    2.456946   65.078869
    2.461617   65.670212
    2.466288   66.264538
    2.470959   66.857511
    2.475630   67.448785
    2.480301   68.033113
    2.484972   68.611858
    2.489643   69.179812
    2.494314   69.738565
    2.498985   70.282652
    2.503656   70.812139
    2.508327   71.326386
    2.512998   71.822625
    2.517669   72.300684
    2.522340   72.760525
    2.527011   73.198227
    2.531682   73.617807
    2.536353   74.017505
    2.541024   74.396172
    2.545695   74.755527
    2.550366   75.097219
    2.555037   75.422218
    2.559708   75.727275
    2.564379   76.014508
    2.569050   76.287555
    2.573721   76.545726
    2.578392   76.792077
    2.583063   77.025318
    2.587734   77.248275
    2.592405   77.462769
    2.597076   77.668738
    2.601747   77.868167
    2.606418   78.061102
    2.611089   78.251042
    2.615760   78.439563
    2.620431   78.626019
    2.625102   78.811696
    2.629773   78.999215
    2.634444   79.187023
    2.639115   79.377473
    2.643786   79.570481
    2.648457   79.766488
    2.653128   79.964890
    2.657799   80.168010
    2.662470   80.373999
    2.667141   80.581215
    2.671812   80.792073
    2.676483   81.006134
    2.681154   81.223704
    2.685825   81.444833
    2.690496   81.668396
    2.695167   81.893940
    2.699838   82.118512
    2.704509   82.345469
    2.709180   82.575848
    2.713851   82.807940
    2.718522   83.038816
    2.723193   83.272992
    2.727864   83.507865
    2.732535   83.746354
    2.737206   83.988015
    2.741877   84.231865
    2.746548   84.479801
    2.751219   84.733822
    2.755890   84.993888
    2.760561   85.263186
    2.765232   85.543666
    2.769903   85.836275
    2.774574   86.143809
    2.779245   86.470236
    2.783916   86.813930
    2.788587   87.178047
    2.793258   87.566708
    2.797929   87.981764
    2.802600   88.423749
    2.807271   88.895815
    2.811942   89.402600
    2.816613   89.946259
    2.821284   90.527790
    2.825955   91.147155
    2.830626   91.806712
    2.835297   92.508589
    2.839968   93.253728
    2.844639   94.039000
    2.849310   94.867745
    2.853981   95.742367
    2.858652   96.660644
    2.863323   97.618905
    2.867994   98.613340
    2.872665   99.650858
    2.877336  100.723002
    2.882007  101.824033
    2.886678  102.954478
    2.891349  104.111430
    2.896020  105.288118
    2.900691  106.482702
    2.905362  107.688235
    2.910033  108.902294
    2.914704  110.117599
    2.919375  111.330862
    2.924046  112.538093
    2.928717  113.735912
    2.933388  114.918643
    2.938059  116.080110
    2.942730  117.221590
    2.947401  118.336746
    2.952072  119.419779
    2.956743  120.471774
    2.961414  121.486328
    2.966085  122.462065
    2.970756  123.396835
    2.975427  124.293691
    2.980098  125.151700
    2.984769  125.968981
    2.989440  126.743528
    2.994111  127.474911
    2.998782  128.167720
    3.003453  128.819158
    3.008124  129.430800
    3.012795  130.007914
    3.017466  130.550133
    3.022137  131.056699
    3.026808  131.532033
    3.031479  131.977130
    3.036150  132.390667
    3.040821  132.779957
    3.045492  133.143926
    3.050163  133.487873
    3.054834  133.812185
    3.059505  134.119422
    3.064176  134.410682
    3.068847  134.688331
    3.073518  134.951792
    3.078189  135.205351
    3.082860  135.450333
    3.087531  135.688353
    3.092202  135.922271
    3.096873  136.149221
    3.101544  136.371974
    3.106215  136.593195
    3.110886  136.812823
    3.115557  137.032303
    3.120228  137.250471
    3.124899  137.471237
    3.129570  137.693493
    3.134241  137.919117
    3.138912  138.151634
    3.143583  138.390498
    3.148254  138.637294
    3.152925  138.890001
    3.157596  139.152161
    3.162267  139.424529
    3.166938  139.709895
    3.171609  140.007657
    3.176280  140.321643
    3.180951  140.653463
    3.185622  141.001027
    3.190293  141.369448
    3.194964  141.758394
    3.199635  142.171403
    3.204306  142.607175
    3.208977  143.067326
    3.213648  143.553761
    3.218319  144.067989
    3.222990  144.609920
    3.227661  145.180168
    3.232332  145.779611
    3.237003  146.410720
    3.241674  147.067611
    3.246345  147.752092
    3.251016  148.465517
    3.255687  149.207271
    3.260358  149.975096
    3.265029  150.769510
    3.269700  151.588945
    3.274371  152.428941
    3.279042  153.286626
    3.283713  154.164915
    3.288384  155.057759
    3.293055  155.965138
    3.297726  156.883102
    3.302397  157.804877
    3.307068  158.733088
    3.311739  159.661748
    3.316410  160.587827
    3.321081  161.508146
    3.325752  162.428584
    3.330423  163.339988
    3.335094  164.246507
    3.339765  165.142238
    3.344436  166.026178
    3.349107  166.898092
    3.353778  167.756352
    3.358449  168.601925
    3.363120  169.431376
    3.367791  170.246734
    3.372462  171.047275
    3.377133  171.834635
    3.381804  172.605916
    3.386475  173.364397
    3.391146  174.113546
    3.395817  174.853056
    3.400488  175.581640
    3.405159  176.299993
    3.409830  177.012233
    3.414501  177.718669
    3.419172  178.418706
    3.423843  179.116324
    3.428514  179.808047
    3.433185  180.498047
    3.437856  181.190756
    3.442527  181.884441
    3.447198  182.575635
    3.451869  183.266463
    3.456540  183.958104
    3.461211  184.649484
    3.465882  185.338884
    3.470553  186.030039
    3.475224  186.718910
    3.479895  187.409581
    3.484566  188.091297
    3.489237  188.773891
    3.493908  189.457056
    3.498579  190.137961
    3.503250  190.814604
    3.507921  191.486139
    3.512592  192.151702
    3.517263  192.816899
    3.521934  193.479075
    3.526605  194.135151
    3.531276  194.784662
    3.535947  195.430824
    3.540618  196.072927
    3.545289  196.712972
    3.549960  197.349921
    3.554631  197.987194
    3.559302  198.624937
    3.563973  199.262297
    3.568644  199.898823
    3.573315  200.535538
    3.577986  201.173502
    3.582657  201.815785
    3.587328  202.461287
    3.591999  203.115029
    3.596670  203.772360
    3.601341  204.434972
    3.606012  205.104240
    3.610683  205.779184
    3.615354  206.457215
    3.620025  207.143079
    3.624696  207.830193
    3.629367  208.522169
    3.634038  209.217767
    3.638709  209.919776
    3.643380  210.624387
    3.648051  211.328687
    3.652722  212.036010
    3.657393  212.745530
    3.662064  213.452550
    3.666735  214.157394
    3.671406  214.865879
    3.676077  215.571144
    3.680748  216.273450
    3.685419  216.969600
    3.690090  217.661314
    3.694761  218.350378
    3.699432  219.036600
    3.704103  219.723487
    3.708774  220.407345
    3.713445  221.090128
    3.718116  221.771303
    3.722787  222.450415
    3.727458  223.130595
    3.732129  223.811325
    3.736800  224.493268
    3.741471  225.176034
    3.746142  225.862903
    3.750813  226.558049
    3.755484  227.257129
    3.760155  227.964589
    3.764826  228.676408
    3.769497  229.393937
    3.774168  230.125460
    3.778839  230.868720
    3.783510  231.623161
    3.788181  232.388059
    3.792852  233.167675
    3.797523  233.962955
    3.802194  234.775851
    3.806865  235.604358
    3.811536  236.450529
    3.816207  237.315757
    3.820878  238.200314
    3.825549  239.101179
    3.830220  240.024580
    3.834891  240.974937
    3.839562  241.948565
    3.844233  242.951884
    3.848904  243.979616
    3.853575  245.037131
    3.858246  246.130483
    3.862917  247.254082
    3.867588  248.413152
    3.872259  249.610571
    3.876930  250.844944
    3.881601  252.119539
    3.886272  253.436726
    3.890943  254.790780
    3.895614  256.186341
    3.900285  257.627211
    3.904956  259.111581
    3.909627  260.638396
    3.914298  262.208320
    3.918969  263.818849
    3.923640  265.467545
    3.928311  267.147991
    3.932982  268.862419
    3.937653  270.610572
    3.942324  272.385486
    3.946995  274.181616
    3.951666  275.992589
    3.956337  277.819174
    3.961008  279.648608
    3.965679  281.480129
    3.970350  283.307227
    3.975021  285.126921
    3.979692  286.931994
    3.984363  288.715451
    3.989034  290.468633
    3.993705  292.193533
    3.998376  293.882256
    4.003047  295.535749
    4.007718  297.138982
    4.012389  298.692049
    4.017060  300.191062
    4.021731  301.638638
    4.026402  303.033408
    4.031073  304.368317
    4.035744  305.642321
    4.040415  306.854527
    4.045086  308.005066
    4.049757  309.096414
    4.054428  310.125628
    4.059099  311.094386
    4.063770  312.003519
    4.068441  312.858966
    4.073112  313.658989
    4.077783  314.404946
    4.082454  315.103731
    4.087125  315.761844
    4.091796  316.381519
    4.096467  316.965746
    4.101138  317.517557
    4.105809  318.042821
    4.110480  318.549281
    4.115151  319.037751
    4.119822  319.511881
    4.124493  319.974026
    4.129164  320.431795
    4.133835  320.890295
    4.138506  321.356319
    4.143177  321.829173
    4.147848  322.316517
    4.152519  322.820919
    4.157190  323.345303
    4.161861  323.890476
    4.166532  324.460333
    4.171203  325.061128
    4.175874  325.689983
    4.180545  326.351945
    4.185216  327.049450
    4.189887  327.783323
    4.194558  328.556895
    4.199229  329.369699
    4.203900  330.220122
    4.208571  331.109839
    4.213242  332.041070
    4.217913  333.009754
    4.222584  334.010527
    4.227255  335.041481
    4.231926  336.101674
    4.236597  337.193767
    4.241268  338.312759
    4.245939  339.452739
    4.250610  340.613441
    4.255281  341.792386
    4.259952  342.986183
    4.264623  344.190604
    4.269294  345.401484
    4.273965  346.617370
    4.278636  347.831100
    4.283307  349.043860
    4.287978  350.248787
    4.292649  351.444506
    4.297320  352.624507
    4.301991  353.792046
    4.306662  354.941716
    4.311333  356.069950
    4.316004  357.179011
    4.320675  358.265717
    4.325346  359.327905
    4.330017  360.361082
    4.334688  361.368522
    4.339359  362.350957
    4.344030  363.308338
    4.348701  364.240774
    4.353372  365.148782
    4.358043  366.033327
    4.362714  366.895903
    4.367385  367.740319
    4.372056  368.566683
    4.376727  369.374686
    4.381398  370.168179
    4.386069  370.949152
    4.390740  371.724699
    4.395411  372.492840
    4.400082  373.261223
    4.404753  374.028365
    4.409424  374.795035
    4.414095  375.567110
    4.418766  376.349130
    4.423437  377.142003
    4.428108  377.945763
    4.432779  378.765490
    4.437450  379.600606
    4.442121  380.456550
    4.446792  381.332342
    4.451463  382.235035
    4.456134  383.163341
    4.460805  384.118798
    4.465476  385.101699
    4.470147  386.118609
    4.474818  387.165596
    4.479489  388.243100
    4.484160  389.351387
    4.488831  390.492239
    4.493502  391.656781
    4.498173  392.852596
    4.502844  394.078576
    4.507515  395.330308
    4.512186  396.609636
    4.516857  397.915815
    4.521528  399.238468
    4.526199  400.584849
    4.530870  401.951743
    4.535541  403.333304
    4.540212  404.730991
    4.544883  406.136296
    4.549554  407.551071
    4.554225  408.978064
    4.558896  410.412362
    4.563567  411.846004
    4.568238  413.285784
    4.572909  414.719333
    4.577580  416.148192
    4.582251  417.576769
    4.586922  419.000839
    4.591593  420.418908
    4.596264  421.827221
    4.600935  423.227378
    4.605606  424.623556
    4.610277  426.016121
    4.614948  427.400430
    4.619619  428.783605
    4.624290  430.161089
    4.628961  431.537063
    4.633632  432.911612
    4.638303  434.290748
    4.642974  435.667453
    4.647645  437.047262
    4.652316  438.431393
    4.656987  439.826565
    4.661658  441.229342
    4.666329  442.647284
    4.671000  444.077073
