    0.004671    0.000000
    0.009342    0.000000
    0.014013    0.000000
    0.018684    0.000000
    0.023355    0.000000
    0.028026    0.000000
    0.032697    0.000000
    0.037368    0.000000
    0.042039    0.000000
    0.046710    0.000000
    0.051381    0.000000
    0.056052    0.000000
    0.060723    0.000000
    0.065394    0.000000
    0.070065    0.000000
    0.074736    0.000000
    0.079407    0.000000
    0.084078    0.000000
    0.088749    0.000000
    0.093420    0.000000
    0.098091    0.000000
    0.102762    0.000000
    0.107433    0.000000
    0.112104    0.000000
    0.116775    0.000000
    0.121446    0.000000
    0.126117    0.000000
    0.130788    0.000000
    0.135459    0.000000
    0.140130    0.000000
    0.144801    0.000000
    0.149472    0.000000
    0.154143    0.000000
    0.158814    0.000000
    0.163485    0.000000
    0.168156    0.000000
    0.172827    0.000000
    0.177498    0.000000
    0.182169    0.000000
    0.186840    0.000000
    0.191511    0.000000
    0.196182    0.000000
    0.200853    0.000000
    0.205524    0.000000
    0.210195    0.000000
    0.214866    0.000000
    0.219537    0.000000
    0.224208    0.000000
    0.228879    0.000000
    0.233550    0.000000
    0.238221    0.000000
    0.242892    0.000000
    0.247563    0.000000
    0.252234    0.000000
    0.256905    0.000000
    0.261576    0.000000
    0.266247    0.000000
    0.270918    0.000000
    0.275589    0.000000
    0.280260    0.000000
    0.284931    0.000000
    0.289602    0.000000
    0.294273    0.000000
    0.298944    0.000000
    0.303615    0.000000
    0.308286    0.000000
    0.312957    0.000000
    0.317628    0.000000
    0.322299    0.000000
    0.326970    0.000000
    0.331641    0.000000
    0.336312    0.000000
    0.340983    0.000000
    0.345654    0.000000
    0.350325    0.000000
    0.354996    0.000000
    0.359667    0.000000
    0.364338    0.000000
    0.369009    0.000000
    0.373680    0.000000
    0.378351    0.000000
    0.383022    0.000000
    0.387693    0.000000
    0.392364    0.000000
    0.397035    0.000000
    0.401706    0.000000
    0.406377    0.000000
    0.411048    0.000000
    0.415719    0.000000
    0.420390    0.000000
    0.425061    0.000000
    0.429732    0.000000
    0.434403    0.000000
    0.439074    0.000000
    0.443745    0.000000
    0.448416    0.000000
    0.453087    0.000000
    0.457758    0.000000
    0.462429    0.000000
    0.467100    0.000000
    0.471771    0.000000
    0.476442    0.000000
    0.481113    0.000000
    0.485784    0.000000
    0.490455    0.000000
    0.495126    0.000000
    0.499797    0.000000
    0.504468    0.000000
    0.509139    0.000000
    0.513810    0.000000
    0.518481    0.000000
    0.523152    0.000000
    0.527823    0.000000
    0.532494    0.000000
    0.537165    0.000000
    0.541836    0.000000
    0.546507    0.000000
    0.551178    0.000000
    0.555849    0.000000
    0.560520    0.000000
    0.565191    0.000000
    0.569862    0.000000
    0.574533    0.000000
    0.579204    0.000000
    0.583875    0.000000
    0.588546    0.000000
    0.593217    0.000000
    0.597888    0.000000
    0.602559    0.000000
    0.607230    0.000000
    0.611901    0.000000
    0.616572    0.000000
    0.621243    0.000000
    0.625914    0.000000
    0.630585    0.000000
    0.635256    0.000000
    0.639927    0.000000
    0.644598    0.000000
    0.649269    0.000000
    0.653940    0.000000
    0.658611    0.000000
    0.663282    0.000000
    0.667953    0.000000
    0.672624    0.000000
    0.677295    0.000000
    0.681966    0.000000
    0.686637    0.000000
    0.691308    0.000000
    0.695979    0.000000
    0.700650    0.000000
    0.705321    0.000000
    0.709992    0.000000
    0.714663    0.000000
    0.719334    0.000000
    0.724005    0.000000
    0.728676    0.000000
    0.733347    0.000000
    0.738018    0.000000
    0.742689    0.000000
    0.747360    0.000000
    0.752031    0.000000
    0.756702    0.000000
    0.761373    0.000000
    0.766044    0.000000
    0.770715    0.000000
    0.775386    0.000000
    0.780057    0.000000
    0.784728    0.000000
    0.789399    0.000000
    0.794070    0.000000
    0.798741    0.000000
    0.803412    0.000000
    0.808083    0.000000
    0.812754    0.000000
    0.817425    0.000000
    0.822096    0.000000
    0.826767    0.000000
    0.831438    0.000000
    0.836109    0.000000
    0.840780    0.000000
    0.845451    0.000000
    0.850122    0.000000
    0.854793    0.000000
    0.859464    0.000000
    0.864135    0.000000
    0.868806    0.000000
    0.873477    0.000000
    0.878148    0.000000
    0.882819    0.000000
    0.887490    0.000000
    0.892161    0.000000
    0.896832    0.000000
    0.901503    0.000000
    0.906174    0.000000
    0.910845    0.000000
    0.915516    0.000000
    0.920187    0.000000
    0.924858    0.000000
    0.929529    0.000000
    0.934200    0.000000
    0.938871    0.000000
    0.943542    0.000000
    0.948213    0.000000
    0.952884    0.000000
    0.957555    0.000129
    0.962226    0.000954
    0.966897    0.002933
    0.971568    0.006245
    0.976239    0.011740
    0.980910    0.023343
    0.985581    0.043629
    0.990252    0.072066
    0.994923    0.119951
    0.999594    0.181928
    1.004265    0.275965
    1.008936    0.407504
    1.013607    0.593709
    1.018278    0.805972
    1.022949    1.113537
    1.027620    1.443227
    1.032291    1.831338
    1.036962    2.292220
    1.041633    2.786083
    1.046304    3.307748
    1.050975    3.817688
    1.055646    4.362451
    1.060317    4.887068
    1.064988    5.365623
    1.069659    5.821182
    1.074330    6.209934
    1.079001    6.522708
    1.083672    6.745943
    1.088343    6.889450
    1.093014    6.942668
    1.097685    6.901947
    1.102356    6.807822
    1.107027    6.643357
    1.111698    6.419182
    1.116369    6.144195
    1.121040    5.766962
    1.125711    5.407528
    1.130382    5.047156
    1.135053    4.638421
    1.139724    4.231548
    1.144395    3.831422
    1.149066    3.433960
    1.153737    3.035284
    1.158408    2.682988
    1.163079    2.326738
    1.167750    2.037594
    1.172421    1.743104
    1.177092    1.488221
    1.181763    1.263199
    1.186434    1.069254
    1.191105    0.909721
    1.195776    0.740660
    1.200447    0.620966
    1.205118    0.506690
    1.209789    0.419647
    1.214460    0.331042
    1.219131    0.261175
    1.223802    0.209447
    1.228473    0.165633
    1.233144    0.131070
    1.237815    0.101284
    1.242486    0.082141
    1.247157    0.066312
    1.251828    0.048703
    1.256499    0.035914
    1.261170    0.027980
    1.265841    0.020264
    1.270512    0.015353
    1.275183    0.012498
    1.279854    0.008885
    1.284525    0.006236
    1.289196    0.004328
    1.293867    0.002723
    1.298538    0.002394
    1.303209    0.001766
    1.307880    0.001660
    1.312551    0.001312
    1.317222    0.000764
    1.321893    0.000258
    1.326564    0.000442
    1.331235    0.000771
    1.335906    0.000890
    1.340577    0.000590
    1.345248    0.000713
    1.349919    0.001203
    1.354590    0.001543
    1.359261    0.001288
    1.363932    0.002081
    1.368603    0.003014
    1.373274    0.004388
    1.377945    0.006371
    1.382616    0.008926
    1.387287    0.011245
    1.391958    0.013024
    1.396629    0.015146
    1.401300    0.018598
    1.405971    0.023682
    1.410642    0.031077
    1.415313    0.036884
    1.419984    0.047323
    1.424655    0.062075
    1.429326    0.072444
    1.433997    0.091864
    1.438668    0.111099
    1.443339    0.136818
    1.448010    0.167390
    1.452681    0.196351
    1.457352    0.228774
    1.462023    0.271193
    1.466694    0.319333
    1.471365    0.374825
    1.476036    0.429001
    1.480707    0.483189
    1.485378    0.550588
    1.490049    0.618203
    1.494720    0.682378
    1.499391    0.753756
    1.504062    0.835039
    1.508733    0.907006
    1.513404    0.974567
    1.518075    1.052929
    1.522746    1.119560
    1.527417    1.183523
    1.532088    1.250738
    1.536759    1.306809
    1.541430    1.344295
    1.546101    1.360840
    1.550772    1.391572
    1.555443    1.397348
    1.560114    1.404670
    1.564785    1.386588
    1.569456    1.359038
    1.574127    1.340327
    1.578798    1.305401
    1.583469    1.266501
    1.588140    1.188179
    1.592811    1.125392
    1.597482    1.053242
    1.602153    0.975691
    1.606824    0.910225
    1.611495    0.838696
    1.616166    0.759059
    1.620837    0.679292
    1.625508    0.610361
    1.630179    0.537681
    1.634850    0.482850
    1.639521    0.415347
    1.644192    0.361367
    1.648863    0.309658
    1.653534    0.269738
    1.658205    0.227038
    1.662876    0.188287
    1.667547    0.156653
    1.672218    0.134306
    1.676889    0.109269
    1.681560    0.087325
    1.686231    0.069770
    1.690902    0.056601
    1.695573    0.045870
    1.700244    0.035679
    1.704915    0.028968
    1.709586    0.023791
    1.714257    0.020493
    1.718928    0.016131
    1.723599    0.014268
    1.728270    0.013396
    1.732941    0.013475
    1.737612    0.015290
    1.742283    0.017523
    1.746954    0.021275
    1.751625    0.027434
    1.756296    0.035025
    1.760967    0.048912
    1.765638    0.064645
    1.770309    0.083894
    1.774980    0.106860
    1.779651    0.137273
    1.784322    0.178427
    1.788993    0.223558
    1.793664    0.279778
    1.798335    0.351870
    1.803006    0.428755
    1.807677    0.519754
    1.812348    0.636799
    1.817019    0.763675
    1.821690    0.897584
    1.826361    1.055737
    1.831032    1.228515
    1.835703    1.407786
    1.840374    1.606320
    1.845045    1.819995
    1.849716    2.045516
    1.854387    2.268260
    1.859058    2.497751
    1.863729    2.726687
    1.868400    2.935193
    1.873071    3.129095
    1.877742    3.302882
    1.882413    3.474722
    1.887084    3.626691
    1.891755    3.745344
    1.896426    3.844143
    1.901097    3.908787
    1.905768    3.929745
    1.910439    3.907190
    1.915110    3.866376
    1.919781    3.795526
    1.924452    3.697999
    1.929123    3.544555
    1.933794    3.384093
    1.938465    3.208252
    1.943136    3.023132
    1.947807    2.817794
    1.952478    2.615125
    1.957149    2.392298
    1.961820    2.162483
    1.966491    1.944715
    1.971162    1.748177
    1.975833    1.559758
    1.980504    1.371941
    1.985175    1.203367
    1.989846    1.042082
    1.994517    0.896638
    1.999188    0.758306
    2.003859    0.644174
    2.008530    0.544660
    2.013201    0.459479
    2.017872    0.378586
    2.022543    0.315224
    2.027214    0.253376
    2.031885    0.208791
    2.036556    0.170574
    2.041227    0.137416
    2.045898    0.113136
    2.050569    0.092823
    2.055240    0.078743
    2.059911    0.071213
    2.064582    0.066035
    2.069253    0.064433
    2.073924    0.067212
    2.078595    0.075703
    2.083266    0.086678
    2.087937    0.106598
    2.092608    0.127186
    2.097279    0.155776
    2.101950    0.190535
    2.106621    0.232229
    2.111292    0.277917
    2.115963    0.328356
    2.120634    0.389806
    2.125305    0.455091
    2.129976    0.520640
    2.134647    0.597530
    2.139318    0.680528
    2.143989    0.770448
    2.148660    0.851299
    2.153331    0.933964
    2.158002    1.021869
    2.162673    1.095456
    2.167344    1.171901
    2.172015    1.236931
    2.176686    1.303858
    2.181357    1.370784
    2.186028    1.401108
    2.190699    1.438084
    2.195370    1.466354
    2.200041    1.471156
    2.204712    1.467410
    2.209383    1.448493
    2.214054    1.420065
    2.218725    1.372427
    2.223396    1.328854
    2.228067    1.277604
    2.232738    1.201501
    2.237409    1.130649
    2.242080    1.057011
    2.246751    0.978804
    2.251422    0.897391
    2.256093    0.818073
    2.260764    0.742116
    2.265435    0.671007
    2.270106    0.603752
    2.274777    0.531303
    2.279448    0.465300
    2.284119    0.408434
    2.288790    0.355407
    2.293461    0.313366
    2.298132    0.279059
    2.302803    0.242043
    2.307474    0.217176
    2.312145    0.193219
    2.316816    0.179260
    2.321487    0.170888
    2.326158    0.172406
    2.330829    0.177006
    2.335500    0.185389
    2.340171    0.207343
    2.344842    0.226980
    2.349513    0.261027
    2.354184    0.301683
    2.358855    0.346797
    2.363526    0.402421
    2.368197    0.469070
    2.372868    0.534949
    2.377539    0.618107
    2.382210    0.714161
    2.386881    0.811157
    2.391552    0.915422
    2.396223    1.016282
    2.400894    1.129033
    2.405565    1.253489
    2.410236    1.368269
    2.414907    1.483373
    2.419578    1.602994
    2.424249    1.706256
    2.428920    1.807380
    2.433591    1.903108
    2.438262    1.999525
    2.442933    2.070826
    2.447604    2.128889
    2.452275    2.170413
    2.456946    2.206402
    2.461617    2.215121
    2.466288    2.203135
    2.470959    2.179334
    2.475630    2.137268
    2.480301    2.083781
    2.484972    2.026684
    2.489643    1.939158
    2.494314    1.854082
    2.498985    1.757284
    2.503656    1.643544
    2.508327    1.530240
    2.512998    1.420338
    2.517669    1.301985
    2.522340    1.192377
    2.527011    1.084814
    2.531682    0.976145
    2.536353    0.865844
    2.541024    0.773113
    2.545695    0.673930
    2.550366    0.596256
    2.555037    0.525698
    2.559708    0.455348
    2.564379    0.394147
    2.569050    0.342613
    2.573721    0.302274
    2.578392    0.264349
    2.583063    0.234376
    2.587734    0.214727
    2.592405    0.201533
    2.597076    0.194115
    2.601747    0.194294
    2.606418    0.195063
    2.611089    0.204920
    2.615760    0.218592
    2.620431    0.236432
    2.625102    0.257669
    2.629773    0.282984
    2.634444    0.310971
    2.639115    0.343609
    2.643786    0.376709
    2.648457    0.410861
    2.653128    0.446276
    2.657799    0.478122
    2.662470    0.513088
    2.667141    0.544652
    2.671812    0.569568
    2.676483    0.590091
    2.681154    0.610687
    2.685825    0.620818
    2.690496    0.631175
    2.695167    0.634194
    2.699838    0.633871
    2.704509    0.630320
    2.709180    0.621215
    2.713851    0.600705
    2.718522    0.584066
    2.723193    0.563196
    2.727864    0.539766
    2.732535    0.513471
    2.737206    0.483013
    2.741877    0.452015
    2.746548    0.425394
    2.751219    0.398612
    2.755890    0.370746
    2.760561    0.346440
    2.765232    0.329048
    2.769903    0.311042
    2.774574    0.302291
    2.779245    0.303302
    2.783916    0.305699
    2.788587    0.319669
    2.793258    0.340391
    2.797929    0.370787
    2.802600    0.417228
    2.807271    0.474711
    2.811942    0.545663
    2.816613    0.622015
    2.821284    0.715501
    2.825955    0.816949
    2.830626    0.939093
    2.835297    1.074074
    2.839968    1.212195
    2.844639    1.364122
    2.849310    1.527140
    2.853981    1.691034
    2.858652    1.867113
    2.863323    2.031510
    2.867994    2.220030
    2.872665    2.389961
    2.877336    2.539219
    2.882007    2.688484
    2.886678    2.824567
    2.891349    2.944028
    2.896020    3.033816
    2.900691    3.118239
    2.905362    3.165571
    2.910033    3.211159
    2.914704    3.209488
    2.919375    3.185835
    2.924046    3.150493
    2.928717    3.086832
    2.933388    2.983328
    2.938059    2.870526
    2.942730    2.753156
    2.947401    2.601746
    2.952072    2.453204
    2.956743    2.293130
    2.961414    2.129080
    2.966085    1.971862
    2.970756    1.795879
    2.975427    1.639921
    2.980098    1.477984
    2.984769    1.323753
    2.989440    1.181326
    2.994111    1.047380
    2.998782    0.920455
    3.003453    0.810099
    3.008124    0.710747
    3.012795    0.620404
    3.017466    0.547784
    3.022137    0.483200
    3.026808    0.425834
    3.031479    0.385576
    3.036150    0.353394
    3.040821    0.323786
    3.045492    0.300269
    3.050163    0.293610
    3.054834    0.283241
    3.059505    0.280334
    3.064176    0.280448
    3.068847    0.283685
    3.073518    0.291422
    3.078189    0.298843
    3.082860    0.307165
    3.087531    0.316731
    3.092202    0.326610
    3.096873    0.330393
    3.101544    0.334962
    3.106215    0.340339
    3.110886    0.344216
    3.115557    0.341034
    3.120228    0.343323
    3.124899    0.338074
    3.129570    0.330264
    3.134241    0.329071
    3.138912    0.323855
    3.143583    0.317213
    3.148254    0.308143
    3.152925    0.300358
    3.157596    0.292647
    3.162267    0.286488
    3.166938    0.285317
    3.171609    0.285773
    3.176280    0.287808
    3.180951    0.299846
    3.185622    0.309437
    3.190293    0.324739
    3.194964    0.350001
    3.199635    0.380685
    3.204306    0.417916
    3.208977    0.461387
    3.213648    0.514359
    3.218319    0.572055
    3.222990    0.639054
    3.227661    0.712889
    3.232332    0.788994
    3.237003    0.870241
    3.241674    0.963156
    3.246345    1.058710
    3.251016    1.150024
    3.255687    1.242188
    3.260358    1.332155
    3.265029    1.418638
    3.269700    1.510355
    3.274371    1.582235
    3.279042    1.649045
    3.283713    1.709981
    3.288384    1.756609
    3.293055    1.798652
    3.297726    1.829015
    3.302397    1.834772
    3.307068    1.832849
    3.311739    1.813697
    3.316410    1.783324
    3.321081    1.749600
    3.325752    1.707388
    3.330423    1.645740
    3.335094    1.568990
    3.339765    1.497664
    3.344436    1.423588
    3.349107    1.336864
    3.353778    1.257224
    3.358449    1.176109
    3.363120    1.096404
    3.367791    1.022404
    3.372462    0.956473
    3.377133    0.896231
    3.381804    0.842553
    3.386475    0.791968
    3.391146    0.755122
    3.395817    0.727993
    3.400488    0.714979
    3.405159    0.710943
    3.409830    0.715619
    3.414501    0.720182
    3.419172    0.737971
    3.423843    0.765786
    3.428514    0.796808
    3.433185    0.831051
    3.437856    0.866474
    3.442527    0.901837
    3.447198    0.940199
    3.451869    0.975209
    3.456540    1.009166
    3.461211    1.043891
    3.465882    1.069801
    3.470553    1.083605
    3.475224    1.098579
    3.479895    1.111012
    3.484566    1.114964
    3.489237    1.103848
    3.493908    1.088353
    3.498579    1.064357
    3.503250    1.034730
    3.507921    1.002194
    3.512592    0.962746
    3.517263    0.927979
    3.521934    0.888808
    3.526605    0.845549
    3.531276    0.806438
    3.535947    0.761796
    3.540618    0.725934
    3.545289    0.688457
    3.549960    0.656763
    3.554631    0.634189
    3.559302    0.619305
    3.563973    0.605899
    3.568644    0.604031
    3.573315    0.602909
    3.577986    0.611245
    3.582657    0.627830
    3.587328    0.654155
    3.591999    0.678417
    3.596670    0.707914
    3.601341    0.740691
    3.606012    0.771843
    3.610683    0.810259
    3.615354    0.845800
    3.620025    0.887177
    3.624696    0.921253
    3.629367    0.948110
    3.634038    0.975396
    3.638709    1.005141
    3.643380    1.022439
    3.648051    1.030388
    3.652722    1.031454
    3.657393    1.029984
    3.662064    1.018296
    3.666735    1.002535
    3.671406    0.981682
    3.676077    0.952622
    3.680748    0.919089
    3.685419    0.882163
    3.690090    0.849719
    3.694761    0.814893
    3.699432    0.774262
    3.704103    0.740029
    3.708774    0.706728
    3.713445    0.677339
    3.718116    0.650586
    3.722787    0.634458
    3.727458    0.619762
    3.732129    0.612633
    3.736800    0.611447
    3.741471    0.612073
    3.746142    0.621697
    3.750813    0.640951
    3.755484    0.657182
    3.760155    0.682742
    3.764826    0.710638
    3.769497    0.736830
    3.774168    0.768495
    3.778839    0.801043
    3.783510    0.826477
    3.788181    0.859540
    3.792852    0.887035
    3.797523    0.914128
    3.802194    0.933955
    3.806865    0.950154
    3.811536    0.963946
    3.816207    0.965080
    3.820878    0.971083
    3.825549    0.971382
    3.830220    0.969823
    3.834891    0.968729
    3.839562    0.962494
    3.844233    0.956754
    3.848904    0.952939
    3.853575    0.948919
    3.858246    0.950815
    3.862917    0.964157
    3.867588    0.980309
    3.872259    1.002738
    3.876930    1.034042
    3.881601    1.078479
    3.886272    1.127201
    3.890943    1.185298
    3.895614    1.255389
    3.900285    1.338022
    3.904956    1.434845
    3.909627    1.531617
    3.914298    1.630621
    3.918969    1.742308
    3.923640    1.853234
    3.928311    1.958910
    3.932982    2.063473
    3.937653    2.159992
    3.942324    2.253084
    3.946995    2.335510
    3.951666    2.407260
    3.956337    2.459537
    3.961008    2.498257
    3.965679    2.520329
    3.970350    2.528599
    3.975021    2.514807
    3.979692    2.487640
    3.984363    2.447487
    3.989034    2.379419
    3.993705    2.302489
    3.998376    2.216040
    4.003047    2.108488
    4.007718    1.990861
    4.012389    1.875512
    4.017060    1.751842
    4.021731    1.625475
    4.026402    1.496616
    4.031073    1.364195
    4.035744    1.233237
    4.040415    1.118904
    4.045086    0.995922
    4.049757    0.882586
    4.054428    0.777127
    4.059099    0.680545
    4.063770    0.591636
    4.068441    0.511726
    4.073112    0.438206
    4.077783    0.377023
    4.082454    0.318354
    4.087125    0.269832
    4.091796    0.226483
    4.096467    0.191426
    4.101138    0.166359
    4.105809    0.142517
    4.110480    0.124897
    4.115151    0.110895
    4.119822    0.103203
    4.124493    0.102172
    4.129164    0.103428
    4.133835    0.109085
    4.138506    0.119710
    4.143177    0.135504
    4.147848    0.155994
    4.152519    0.181667
    4.157190    0.210828
    4.161861    0.242906
    4.166532    0.281482
    4.171203    0.327794
    4.175874    0.376900
    4.180545    0.429227
    4.185216    0.489884
    4.189887    0.553270
    4.194558    0.620542
    4.199229    0.689600
    4.203900    0.764670
    4.208571    0.836752
    4.213242    0.909095
    4.217913    0.987647
    4.222584    1.062903
    4.227255    1.131547
    4.231926    1.202942
    4.236597    1.265186
    4.241268    1.317600
    4.245939    1.360386
    4.250610    1.403873
    4.255281    1.437228
    4.259952    1.452570
    4.264623    1.457484
    4.269294    1.461360
    4.273965    1.448543
    4.278636    1.422598
    4.283307    1.387519
    4.287978    1.357054
    4.292649    1.314588
    4.297320    1.264172
    4.301991    1.208438
    4.306662    1.149904
    4.311333    1.087198
    4.316004    1.023227
    4.320675    0.962543
    4.325346    0.903109
    4.330017    0.850595
    4.334688    0.794990
    4.339359    0.744144
    4.344030    0.697300
    4.348701    0.657794
    4.353372    0.620005
    4.358043    0.586648
    4.362714    0.557193
    4.367385    0.538554
    4.372056    0.514627
    4.376727    0.497837
    4.381398    0.483601
    4.386069    0.473489
    4.390740    0.464708
    4.395411    0.458553
    4.400082    0.453743
    4.404753    0.455123
    4.409424    0.452921
    4.414095    0.455779
    4.418766    0.460397
    4.423437    0.465179
    4.428108    0.475583
    4.432779    0.488330
    4.437450    0.503044
    4.442121    0.518910
    4.446792    0.543631
    4.451463    0.568387
    4.456134    0.598204
    4.460805    0.638417
    4.465476    0.676596
    4.470147    0.718714
    4.474818    0.767016
    4.479489    0.814809
    4.484160    0.866127
    4.488831    0.920273
    4.493502    0.970854
    4.498173    1.025409
    4.502844    1.082526
    4.507515    1.132323
    4.512186    1.177330
    4.516857    1.221127
    4.521528    1.257735
    4.526199    1.289286
    4.530870    1.313714
    4.535541    1.331179
    4.540212    1.337273
    4.544883    1.341159
    4.549554    1.338931
    4.554225    1.324422
    4.558896    1.302195
    4.563567    1.281254
    4.568238    1.251266
    4.572909    1.218021
    4.577580    1.184967
    4.582251    1.151802
    4.586922    1.115186
    4.591593    1.077759
    4.596264    1.047737
    4.600935    1.018798
    4.605606    0.988304
    4.610277    0.967127
    4.614948    0.944179
    4.619619    0.927250
    4.624290    0.916816
    4.628961    0.908143
    4.633632    0.902065
    4.638303    0.900948
    4.642974    0.902227
    4.647645    0.905745
    4.652316    0.906644
    4.656987    0.910929
    4.661658    0.918901
    4.666329    0.924858
    4.671000    0.933722
