    0.004671    0.000000
    0.009342    0.000000
    0.014013    0.000000
    0.018684    0.000000
    0.023355    0.000000
    0.028026    0.000000
    0.032697    0.000000
    0.037368    0.000000
    0.042039    0.000000
    0.046710    0.000000
    0.051381    0.000000
    0.056052    0.000000
    0.060723    0.000000
    0.065394    0.000000
    0.070065    0.000000
    0.074736    0.000000
    0.079407    0.000000
    0.084078    0.000000
    0.088749    0.000000
    0.093420    0.000000
    0.098091    0.000000
    0.102762    0.000000
    0.107433    0.000000
    0.112104    0.000000
    0.116775    0.000000
    0.121446    0.000000
    0.126117    0.000000
    0.130788    0.000000
    0.135459    0.000000
    0.140130    0.000000
    0.144801    0.000000
    0.149472    0.000000
    0.154143    0.000000
    0.158814    0.000000
    0.163485    0.000000
    0.168156    0.000000
    0.172827    0.000000
    0.177498    0.000000
    0.182169    0.000000
    0.186840    0.000000
    0.191511    0.000000
    0.196182    0.000000
    0.200853    0.000000
    0.205524    0.000000
    0.210195    0.000000
    0.214866    0.000000
    0.219537    0.000000
    0.224208    0.000000
    0.228879    0.000000
    0.233550    0.000000
    0.238221    0.000000
    0.242892    0.000000
    0.247563    0.000000
    0.252234    0.000000
    0.256905    0.000000
    0.261576    0.000000
    0.266247    0.000000
    0.270918    0.000000
    0.275589    0.000000
    0.280260    0.000000
    0.284931    0.000000
    0.289602    0.000000
    0.294273    0.000000
    0.298944    0.000000
    0.303615    0.000000
    0.308286    0.000000
    0.312957    0.000000
    0.317628    0.000000
    0.322299    0.000000
    0.326970    0.000000
    0.331641    0.000000
    0.336312    0.000000
    0.340983    0.000000
    0.345654    0.000000
    0.350325    0.000000
    0.354996    0.000000
    0.359667    0.000000
    0.364338    0.000000
    0.369009    0.000000
    0.373680    0.000000
    0.378351    0.000000
    0.383022    0.000000
    0.387693    0.000000
    0.392364    0.000000
    0.397035    0.000000
    0.401706    0.000000
    0.406377    0.000000
    0.411048    0.000000
    0.415719    0.000000
    0.420390    0.000000
    0.425061    0.000000
    0.429732    0.000000
    0.434403    0.000000
    0.439074    0.000000
    0.443745    0.000000
    0.448416    0.000000
    0.453087    0.000000
    0.457758    0.000000
    0.462429    0.000000
    0.467100    0.000000
    0.471771    0.000000
    0.476442    0.000000
    0.481113    0.000000
    0.485784    0.000000
    0.490455    0.000000
    0.495126    0.000000
    0.499797    0.000000
    0.504468    0.000000
    0.509139    0.000000
    0.513810    0.000000
    0.518481    0.000000
    0.523152    0.000000
    0.527823    0.000000
    0.532494    0.000000
    0.537165    0.000000
    0.541836    0.000000
    0.546507    0.000000
    0.551178    0.000000
    0.555849    0.000000
    0.560520    0.000000
    0.565191    0.000000
    0.569862    0.000000
    0.574533    0.000000
    0.579204    0.000000
    0.583875    0.000000
    0.588546    0.000000
    0.593217    0.000000
    0.597888    0.000000
    0.602559    0.000000
    0.607230    0.000000
    0.611901    0.000000
    0.616572    0.000000
    0.621243    0.000000
    0.625914    0.000000
    0.630585    0.000000
    0.635256    0.000000
    0.639927    0.000000
    0.644598    0.000000
    0.649269    0.000000
    0.653940    0.000000
    0.658611    0.000000
    0.663282    0.000000
    0.667953    0.000000
    0.672624    0.000000
    0.677295    0.000000
    0.681966    0.000000
    0.686637    0.000000
    0.691308    0.000000
    0.695979    0.000000
    0.700650    0.000000
    0.705321    0.000000
    0.709992    0.000000
    0.714663    0.000000
    0.719334    0.000000
    0.724005    0.000000
    0.728676    0.000000
    0.733347    0.000000
    0.738018    0.000000
    0.742689    0.000000
    0.747360    0.000000
    0.752031    0.000000
    0.756702    0.000000
    0.761373    0.000000
    0.766044    0.000000
    0.770715    0.000000
    0.775386    0.000000
    0.780057    0.000000
    0.784728    0.000000
    0.789399    0.000000
    0.794070    0.000000
    0.798741    0.000000
    0.803412    0.000000
    0.808083    0.000000
    0.812754    0.000000
    0.817425    0.000000
    0.822096    0.000000
    0.826767    0.000000
    0.831438    0.000000
    0.836109    0.000000
    0.840780    0.000000
    0.845451    0.000000
    0.850122    0.000000
    0.854793    0.000000
    0.859464    0.000000
    0.864135    0.000000
    0.868806    0.000000
    0.873477    0.000000
    0.878148    0.000000
    0.882819    0.000000
    0.887490    0.000000
    0.892161    0.000000
    0.896832    0.000000
    0.901503    0.000000
    0.906174    0.000000
    0.910845    0.000000
    0.915516    0.000000
    0.920187    0.000000
    0.924858    0.000000
    0.929529    0.000000
    0.934200    0.000000
    0.938871    0.000000
    0.943542    0.000000
    0.948213    0.000000
    0.952884    0.000000
    0.957555    0.000007
    0.962226    0.000062
    0.966897    0.000233
    0.971568    0.000600
    0.976239    0.001296
    0.980910    0.002693
    0.985581    0.005329
    0.990252    0.009725
    0.994923    0.017110
    0.999594    0.028418
    1.004265    0.045730
    1.008936    0.071534
    1.013607    0.109476
    1.018278    0.161460
    1.022949    0.233941
    1.027620    0.328742
    1.032291    0.450133
    1.036962    0.603452
    1.041633    0.791487
    1.046304    1.016735
    1.050975    1.279036
    1.055646    1.581435
    1.060317    1.923205
    1.064988    2.301755
    1.069659    2.716056
    1.074330    3.161893
    1.079001    3.634267
    1.083672    4.127046
    1.088343    4.634656
    1.093014    5.150587
    1.097685    5.667885
    1.102356    6.182480
    1.107027    6.688908
    1.111698    7.182386
    1.116369    7.658701
    1.121040    8.109521
    1.125711    8.535773
    1.130382    8.936927
    1.135053    9.308647
    1.139724    9.650558
    1.144395    9.962681
    1.149066   10.244713
    1.153737   10.496033
    1.158408   10.719986
    1.163079   10.915771
    1.167750   11.088606
    1.172421   11.237646
    1.177092   11.365909
    1.181763   11.475644
    1.186434   11.569267
    1.191105   11.649550
    1.195776   11.715427
    1.200447   11.771090
    1.205118   11.816864
    1.209789   11.855068
    1.214460   11.885440
    1.219131   11.909586
    1.223802   11.929098
    1.228473   11.944647
    1.233144   11.957045
    1.237815   11.966698
    1.242486   11.974585
    1.247157   11.981001
    1.251828   11.985749
    1.256499   11.989276
    1.261170   11.992044
    1.265841   11.994064
    1.270512   11.995605
    1.275183   11.996869
    1.279854   11.997774
    1.284525   11.998415
    1.289196   11.998862
    1.293867   11.999146
    1.298538   11.999397
    1.303209   11.999583
    1.307880   11.999760
    1.312551   11.999900
    1.317222   11.999983
    1.321893   12.000011
    1.326564   12.000059
    1.331235   12.000144
    1.335906   12.000243
    1.340577   12.000309
    1.345248   12.000389
    1.349919   12.000526
    1.354590   12.000702
    1.359261   12.000850
    1.363932   12.001091
    1.368603   12.001442
    1.373274   12.001957
    1.377945   12.002709
    1.382616   12.003771
    1.387287   12.005117
    1.391958   12.006686
    1.396629   12.008524
    1.401300   12.010796
    1.405971   12.013708
    1.410642   12.017554
    1.415313   12.022150
    1.419984   12.028085
    1.424655   12.035922
    1.429326   12.045129
    1.433997   12.056879
    1.438668   12.071183
    1.443339   12.088912
    1.448010   12.110744
    1.452681   12.136518
    1.457352   12.166742
    1.462023   12.202800
    1.466694   12.245530
    1.471365   12.296006
    1.476036   12.354145
    1.480707   12.420042
    1.485378   12.495606
    1.490049   12.580984
    1.494720   12.675817
    1.499391   12.781225
    1.504062   12.898729
    1.508733   13.027154
    1.513404   13.166001
    1.518075   13.316939
    1.522746   13.478418
    1.527417   13.650172
    1.532088   13.832791
    1.536759   14.024763
    1.541430   14.223444
    1.546101   14.425791
    1.550772   14.633960
    1.555443   14.844254
    1.560114   15.056921
    1.564785   15.268110
    1.569456   15.476340
    1.574127   15.682928
    1.578798   15.885328
    1.583469   16.082860
    1.588140   16.269272
    1.592811   16.446874
    1.597482   16.614065
    1.602153   16.769853
    1.606824   16.916037
    1.611495   17.051517
    1.616166   17.174845
    1.620837   17.285852
    1.625508   17.386170
    1.630179   17.475051
    1.634850   17.555326
    1.639521   17.624774
    1.644192   17.685541
    1.648863   17.737909
    1.653534   17.783785
    1.658205   17.822617
    1.662876   17.855002
    1.667547   17.882099
    1.672218   17.905460
    1.676889   17.924572
    1.681560   17.939932
    1.686231   17.952272
    1.690902   17.962338
    1.695573   17.970541
    1.700244   17.976957
    1.704915   17.982195
    1.709586   17.986520
    1.714257   17.990266
    1.718928   17.993231
    1.723599   17.995867
    1.728270   17.998356
    1.732941   18.000873
    1.737612   18.003745
    1.742283   18.007053
    1.746954   18.011092
    1.751625   18.016328
    1.756296   18.023048
    1.760967   18.032483
    1.765638   18.045019
    1.770309   18.061374
    1.774980   18.082316
    1.779651   18.109359
    1.784322   18.144696
    1.788993   18.189202
    1.793664   18.245192
    1.798335   18.315976
    1.803006   18.402676
    1.807677   18.508322
    1.812348   18.638429
    1.817019   18.795263
    1.821690   18.980547
    1.826361   19.199597
    1.831032   19.455801
    1.835703   19.750892
    1.840374   20.089313
    1.845045   20.474701
    1.849716   20.910039
    1.854387   21.395224
    1.859058   21.932193
    1.863729   22.521328
    1.868400   23.158696
    1.873071   23.841571
    1.877742   24.565971
    1.882413   25.331857
    1.887084   26.135210
    1.891755   26.968960
    1.896426   27.828933
    1.901097   28.707682
    1.905768   29.595488
    1.910439   30.482531
    1.915110   31.364606
    1.919781   32.234746
    1.924452   33.086658
    1.929123   33.907190
    1.933794   34.694375
    1.938465   35.444266
    1.943136   36.154297
    1.947807   36.819287
    1.952478   37.439411
    1.957149   38.009413
    1.961820   38.527121
    1.966491   38.994914
    1.971162   39.417431
    1.975833   39.796198
    1.980504   40.130933
    1.985175   40.425924
    1.989846   40.682582
    1.994517   40.904456
    1.999188   41.092980
    2.003859   41.253878
    2.008530   41.390555
    2.013201   41.506394
    2.017872   41.602282
    2.022543   41.682493
    2.027214   41.747263
    2.031885   41.800883
    2.036556   41.844890
    2.041227   41.880505
    2.045898   41.909961
    2.050569   41.934240
    2.055240   41.954929
    2.059911   41.973725
    2.064582   41.991234
    2.069253   42.008395
    2.073924   42.026377
    2.078595   42.046723
    2.083266   42.070123
    2.087937   42.099029
    2.092608   42.133674
    2.097279   42.176295
    2.101950   42.228659
    2.106621   42.292766
    2.111292   42.369825
    2.115963   42.461273
    2.120634   42.570315
    2.125305   42.698181
    2.129976   42.845108
    2.134647   43.014474
    2.139318   43.208210
    2.143989   43.428503
    2.148660   43.672977
    2.153331   43.942357
    2.158002   44.238371
    2.162673   44.557078
    2.167344   44.899499
    2.172015   45.262481
    2.176686   45.646750
    2.181357   46.052479
    2.186028   46.468962
    2.190699   46.898264
    2.195370   47.337875
    2.200041   47.780804
    2.204712   48.224483
    2.209383   48.664301
    2.214054   49.097311
    2.218725   49.517564
    2.223396   49.926188
    2.228067   50.320706
    2.232738   50.693281
    2.237409   51.045354
    2.242080   51.375872
    2.246751   51.683213
    2.251422   51.966162
    2.256093   52.225175
    2.260764   52.461112
    2.265435   52.675324
    2.270106   52.868861
    2.274777   53.039876
    2.279448   53.190261
    2.284119   53.322809
    2.288790   53.438621
    2.293461   53.541150
    2.298132   53.632827
    2.302803   53.712667
    2.307474   53.784595
    2.312145   53.848848
    2.316816   53.908701
    2.321487   53.965988
    2.326158   54.024017
    2.330829   54.083834
    2.335500   54.146735
    2.340171   54.217366
    2.344842   54.294996
    2.349513   54.384627
    2.354184   54.488630
    2.358855   54.608660
    2.363526   54.748495
    2.368197   54.912134
    2.372868   55.099492
    2.377539   55.316829
    2.382210   55.568927
    2.386881   55.856389
    2.391552   56.182072
    2.396223   56.545052
    2.400894   56.949876
    2.405565   57.401076
    2.410236   57.895505
    2.414907   58.433608
    2.419578   59.017355
    2.424249   59.641108
    2.428920   60.304377
    2.433591   61.005465
    2.438262   61.744903
    2.442933   62.513645
    2.447604   63.306966
    2.452275   64.118851
    2.456946   64.947346
    2.461617   65.782280
    2.466288   66.615851
    2.470959   67.443543
    2.475630   68.258331
    2.480301   69.055728
    2.484972   69.834200
    2.489643   70.581855
    2.494314   71.299393
    2.498985   71.982019
    2.503656   72.622852
    2.508327   73.221734
    2.512998   73.779677
    2.517669   74.293031
    2.522340   74.764915
    2.527011   75.195822
    2.531682   75.584998
    2.536353   75.931474
    2.541024   76.241983
    2.545695   76.513653
    2.550366   76.754894
    2.555037   76.968368
    2.559708   77.153951
    2.564379   77.315177
    2.569050   77.455835
    2.573721   77.580383
    2.578392   77.689700
    2.583063   77.786974
    2.587734   77.876416
    2.592405   77.960665
    2.597076   78.042106
    2.601747   78.123916
    2.606418   78.206344
    2.611089   78.293249
    2.615760   78.386283
    2.620431   78.487270
    2.625102   78.597721
    2.629773   78.719455
    2.634444   78.853705
    2.639115   79.002571
    2.643786   79.166355
    2.648457   79.345620
    2.653128   79.541024
    2.657799   79.751110
    2.662470   79.977353
    2.667141   80.218357
    2.671812   80.471270
    2.676483   80.734213
    2.681154   81.007285
    2.685825   81.285854
    2.690496   81.570057
    2.695167   81.856612
    2.699838   82.144014
    2.704509   82.430796
    2.709180   82.714413
    2.713851   82.989612
    2.718522   83.258110
    2.723193   83.517905
    2.727864   83.767747
    2.732535   84.006231
    2.737206   84.231338
    2.741877   84.442717
    2.746548   84.642326
    2.751219   84.830004
    2.755890   85.005156
    2.760561   85.169380
    2.765232   85.325887
    2.769903   85.474331
    2.774574   85.619085
    2.779245   85.764813
    2.783916   85.912187
    2.788587   86.066813
    2.793258   86.232015
    2.797929   86.412571
    2.802600   86.616420
    2.807271   86.849128
    2.811942   87.117509
    2.816613   87.424460
    2.821284   87.778717
    2.825955   88.184542
    2.830626   88.652587
    2.835297   89.189674
    2.839968   89.797828
    2.844639   90.484455
    2.849310   91.255664
    2.853981   92.112443
    2.858652   93.061532
    2.863323   94.097565
    2.867994   95.233436
    2.872665   96.460239
    2.877336   97.767900
    2.882007   99.156929
    2.886678  100.621001
    2.891349  102.151936
    2.896020  103.734664
    2.900691  105.366687
    2.905362  107.028822
    2.910033  108.720320
    2.914704  110.416370
    2.919375  112.105321
    2.924046  113.780884
    2.928717  115.427839
    2.933388  117.024652
    2.938059  118.565984
    2.942730  120.048999
    2.947401  121.454908
    2.952072  122.784754
    2.956743  124.031764
    2.961414  125.193223
    2.966085  126.272313
    2.970756  127.258195
    2.975427  128.161294
    2.980098  128.977772
    2.984769  129.711344
    2.989440  130.368038
    2.994111  130.952094
    2.998782  131.466974
    3.003453  131.921536
    3.008124  132.321592
    3.012795  132.671882
    3.017466  132.982129
    3.022137  133.256646
    3.026808  133.499320
    3.031479  133.719731
    3.036150  133.922369
    3.040821  134.108600
    3.045492  134.281837
    3.050163  134.451752
    3.054834  134.616168
    3.059505  134.779395
    3.064176  134.943188
    3.068847  135.109376
    3.073518  135.280617
    3.078189  135.456752
    3.082860  135.638343
    3.087531  135.826157
    3.092202  136.020415
    3.096873  136.217517
    3.101544  136.417948
    3.106215  136.622210
    3.110886  136.829422
    3.115557  137.035334
    3.120228  137.243251
    3.124899  137.448602
    3.129570  137.649810
    3.134241  137.850889
    3.138912  138.049372
    3.143583  138.244363
    3.148254  138.434342
    3.152925  138.620071
    3.157596  138.801569
    3.162267  138.979773
    3.166938  139.157773
    3.171609  139.336584
    3.176280  139.517199
    3.180951  139.705923
    3.185622  139.901255
    3.190293  140.106849
    3.194964  140.329085
    3.199635  140.571512
    3.204306  140.838426
    3.208977  141.133963
    3.213648  141.464391
    3.218319  141.832952
    3.222990  142.245875
    3.227661  142.707843
    3.232332  143.220609
    3.237003  143.787814
    3.241674  144.417392
    3.246345  145.111425
    3.251016  145.867490
    3.255687  146.686495
    3.260358  147.567339
    3.265029  148.508057
    3.269700  149.512462
    3.274371  150.567676
    3.279042  151.670587
    3.283713  152.817513
    3.288384  153.999068
    3.293055  155.212342
    3.297726  156.449600
    3.302397  157.694271
    3.307068  158.941157
    3.311739  160.178503
    3.316410  161.398561
    3.321081  162.598921
    3.325752  163.773618
    3.330423  164.909083
    3.335094  165.994634
    3.339765  167.033741
    3.344436  168.024217
    3.349107  168.956954
    3.353778  169.836574
    3.358449  170.661736
    3.363120  171.433117
    3.367791  172.154435
    3.372462  172.831111
    3.377133  173.466926
    3.381804  174.066313
    3.386475  174.631273
    3.391146  175.171435
    3.395817  175.693627
    3.400488  176.207895
    3.405159  176.720666
    3.409830  177.238226
    3.414501  177.760515
    3.419172  178.297170
    3.423843  178.855575
    3.428514  179.438187
    3.433185  180.047493
    3.437856  180.684501
    3.442527  181.349310
    3.447198  182.044281
    3.451869  182.767084
    3.456540  183.517081
    3.461211  184.294983
    3.465882  185.094347
    3.470553  185.906209
    3.475224  186.731507
    3.479895  187.568390
    3.484566  188.410506
    3.489237  189.246464
    3.493908  190.072894
    3.498579  190.883267
    3.503250  191.673187
    3.507921  192.440310
    3.512592  193.179202
    3.517263  193.893306
    3.521934  194.579086
    3.526605  195.233219
    3.531276  195.858750
    3.535947  196.451217
    3.540618  197.017285
    3.545289  197.555547
    3.549960  198.070384
    3.554631  198.568834
    3.559302  199.056866
    3.563973  199.535587
    3.568644  200.014085
    3.573315  200.492944
    3.577986  200.979695
    3.582657  201.480958
    3.587328  202.004603
    3.591999  202.549085
    3.596670  203.118718
    3.601341  203.716275
    3.606012  204.340580
    3.610683  204.997658
    3.615354  205.685333
    3.620025  206.408514
    3.624696  207.161412
    3.629367  207.938257
    3.634038  208.739517
    3.638709  209.567337
    3.643380  210.411565
    3.648051  211.264541
    3.652722  212.120587
    3.657393  212.977600
    3.662064  213.827054
    3.666735  214.665495
    3.671406  215.488589
    3.676077  216.289352
    3.680748  217.063891
    3.685419  217.809200
    3.690090  218.528919
    3.694761  219.220889
    3.699432  219.880021
    3.704103  220.511601
    3.708774  221.116283
    3.713445  221.697280
    3.718116  222.256734
    3.722787  222.803691
    3.727458  223.339320
    3.732129  223.870116
    3.736800  224.401212
    3.741471  224.934181
    3.746142  225.476883
    3.750813  226.037788
    3.755484  226.614330
    3.760155  227.214787
    3.764826  227.841332
    3.769497  228.492582
    3.774168  229.173505
    3.778839  229.885023
    3.783510  230.620950
    3.788181  231.388207
    3.792852  232.181962
    3.797523  233.001977
    3.802194  233.841840
    3.806865  234.698370
    3.811536  235.569468
    3.816207  236.443729
    3.820878  237.325583
    3.825549  238.209866
    3.830220  239.094887
    3.834891  239.981068
    3.839562  240.863690
    3.844233  241.743186
    3.848904  242.621305
    3.853575  243.497842
    3.858246  244.378262
    3.862917  245.273199
    3.867588  246.185330
    3.872259  247.120585
    3.876930  248.087366
    3.881601  249.098124
    3.886272  250.157090
    3.890943  251.273313
    3.895614  252.458383
    3.900285  253.724488
    3.904956  255.085466
    3.909627  256.541712
    3.914298  258.095797
    3.918969  259.760292
    3.923640  261.534982
    3.928311  263.415339
    3.932982  265.400778
    3.937653  267.484025
    3.942324  269.662216
    3.946995  271.925447
    3.951666  274.263731
    3.956337  276.658446
    3.961008  279.096607
    3.965679  281.562114
    3.970350  284.041541
    3.975021  286.513250
    3.979692  288.964007
    3.984363  291.380871
    3.989034  293.736030
    3.993705  296.020384
    3.998376  298.224116
    4.003047  300.325795
    4.007718  302.314860
    4.012389  304.193051
    4.017060  305.951482
    4.021731  307.586868
    4.026402  309.096109
    4.031073  310.475005
    4.035744  311.724424
    4.040415  312.860634
    4.045086  313.874299
    4.049757  314.774685
    4.054428  315.569315
    4.059099  316.266793
    4.063770  316.874545
    4.068441  317.401420
    4.073112  317.853635
    4.077783  318.243604
    4.082454  318.573644
    4.087125  318.854021
    4.091796  319.089894
    4.096467  319.289711
    4.101138  319.463759
    4.105809  319.613203
    4.110480  319.744468
    4.115151  319.861283
    4.119822  319.970242
    4.124493  320.078357
    4.129164  320.188050
    4.133835  320.304003
    4.138506  320.431538
    4.143177  320.576227
    4.147848  320.743169
    4.152519  320.938026
    4.157190  321.164669
    4.161861  321.426382
    4.166532  321.730340
    4.171203  322.085103
    4.175874  322.493926
    4.180545  322.960549
    4.185216  323.494306
    4.189887  324.098471
    4.194558  324.777607
    4.199229  325.534005
    4.203900  326.374611
    4.208571  327.296503
    4.213242  328.300323
    4.217913  329.393300
    4.222584  330.572165
    4.227255  331.829941
    4.231926  333.170033
    4.236597  334.582578
    4.241268  336.056889
    4.245939  337.582429
    4.250610  339.160201
    4.255281  340.779012
    4.259952  342.418697
    4.264623  344.067538
    4.269294  345.724389
    4.273965  347.370303
    4.278636  348.990273
    4.283307  350.573747
    4.287978  352.125834
    4.292649  353.632629
    4.297320  355.084792
    4.301991  356.475953
    4.306662  357.802605
    4.311333  359.059635
    4.316004  360.245266
    4.320675  361.362997
    4.325346  362.413981
    4.330017  363.405991
    4.334688  364.335152
    4.339359  365.206762
    4.344030  366.025262
    4.348701  366.799052
    4.353372  367.529957
    4.358043  368.223023
    4.362714  368.882703
    4.367385  369.521681
    4.372056  370.133578
    4.376727  370.726776
    4.381398  371.304243
    4.386069  371.870840
    4.390740  372.428115
    4.395411  372.979179
    4.400082  373.525623
    4.404753  374.074893
    4.409424  374.622666
    4.414095  375.175063
    4.418766  375.734239
    4.423437  376.300418
    4.428108  376.880483
    4.432779  377.477353
    4.437450  378.093503
    4.442121  378.730426
    4.446792  379.399095
    4.451463  380.099685
    4.456134  380.838575
    4.460805  381.628790
    4.465476  382.468016
    4.470147  383.361349
    4.474818  384.316714
    4.479489  385.333727
    4.484160  386.417049
    4.488831  387.570494
    4.493502  388.789871
    4.498173  390.080446
    4.502844  391.445739
    4.507515  392.876801
    4.512186  394.367830
    4.516857  395.917530
    4.521528  397.516990
    4.526199  399.159963
    4.530870  400.837523
    4.535541  402.540891
    4.540212  404.255583
    4.544883  405.978799
    4.549554  407.702689
    4.554225  409.411402
    4.558896  411.094887
    4.563567  412.754696
    4.568238  414.378975
    4.572909  415.963336
    4.577580  417.507850
    4.582251  419.012202
    4.586922  420.471701
    4.591593  421.885092
    4.596264  423.261908
    4.600935  424.603418
    4.605606  425.907419
    4.610277  427.186068
    4.614948  428.436908
    4.619619  429.667809
    4.624290  430.887321
    4.628961  432.097739
    4.633632  433.302483
    4.638303  434.508163
    4.642974  435.717987
    4.647645  436.934974
    4.652316  438.155617
    4.656987  439.384495
    4.661658  440.626615
    4.666329  441.879294
    4.671000  443.146511
