    0.004671    0.000000
    0.009342    0.000000
    0.014013    0.000000
    0.018684    0.000000
    0.023355    0.000000
    0.028026    0.000000
    0.032697    0.000000
    0.037368    0.000000
    0.042039    0.000000
    0.046710    0.000000
    0.051381    0.000000
    0.056052    0.000000
    0.060723    0.000000
    0.065394    0.000000
    0.070065    0.000000
    0.074736    0.000000
    0.079407    0.000000
    0.084078    0.000000
    0.088749    0.000000
    0.093420    0.000000
    0.098091    0.000000
    0.102762    0.000000
    0.107433    0.000000
    0.112104    0.000000
    0.116775    0.000000
    0.121446    0.000000
    0.126117    0.000000
    0.130788    0.000000
    0.135459    0.000000
    0.140130    0.000000
    0.144801    0.000000
    0.149472    0.000000
    0.154143    0.000000
    0.158814    0.000000
    0.163485    0.000000
    0.168156    0.000000
    0.172827    0.000000
    0.177498    0.000000
    0.182169    0.000000
    0.186840    0.000000
    0.191511    0.000000
    0.196182    0.000000
    0.200853    0.000000
    0.205524    0.000000
    0.210195    0.000000
    0.214866    0.000000
    0.219537    0.000000
    0.224208    0.000000
    0.228879    0.000000
    0.233550    0.000000
    0.238221    0.000000
    0.242892    0.000000
    0.247563    0.000000
    0.252234    0.000000
    0.256905    0.000000
    0.261576    0.000000
    0.266247    0.000000
    0.270918    0.000000
    0.275589    0.000000
    0.280260    0.000000
    0.284931    0.000000
    0.289602    0.000000
    0.294273    0.000000
    0.298944    0.000000
    0.303615    0.000000
    0.308286    0.000000
    0.312957    0.000000
    0.317628    0.000000
    0.322299    0.000000
    0.326970    0.000000
    0.331641    0.000000
    0.336312    0.000000
    0.340983    0.000000
    0.345654    0.000000
    0.350325    0.000000
    0.354996    0.000000
    0.359667    0.000000
    0.364338    0.000000
    0.369009    0.000000
    0.373680    0.000000
    0.378351    0.000000
    0.383022    0.000000
    0.387693    0.000000
    0.392364    0.000000
    0.397035    0.000000
    0.401706    0.000000
    0.406377    0.000000
    0.411048    0.000000
    0.415719    0.000000
    0.420390    0.000000
    0.425061    0.000000
    0.429732    0.000000
    0.434403    0.000000
    0.439074    0.000000
    0.443745    0.000000
    0.448416    0.000000
    0.453087    0.000000
    0.457758    0.000000
    0.462429    0.000000
    0.467100    0.000000
    0.471771    0.000000
    0.476442    0.000000
    0.481113    0.000000
    0.485784    0.000000
    0.490455    0.000000
    0.495126    0.000000
    0.499797    0.000000
    0.504468    0.000000
    0.509139    0.000000
    0.513810    0.000000
    0.518481    0.000000
    0.523152    0.000000
    0.527823    0.000000
    0.532494    0.000000
    0.537165    0.000000
    0.541836    0.000000
    0.546507    0.000000
    0.551178    0.000000
    0.555849    0.000000
    0.560520    0.000000
    0.565191    0.000000
    0.569862    0.000000
    0.574533    0.000000
    0.579204    0.000000
    0.583875    0.000000
    0.588546    0.000000
    0.593217    0.000000
    0.597888    0.000000
    0.602559    0.000000
    0.607230    0.000000
    0.611901    0.000000
    0.616572    0.000000
    0.621243    0.000000
    0.625914    0.000000
    0.630585    0.000000
    0.635256    0.000000
    0.639927    0.000000
    0.644598    0.000000
    0.649269    0.000000
    0.653940    0.000000
    0.658611    0.000000
    0.663282    0.000000
    0.667953    0.000000
    0.672624    0.000000
    0.677295    0.000000
    0.681966    0.000000
    0.686637    0.000000
    0.691308    0.000000
    0.695979    0.000000
    0.700650    0.000000
    0.705321    0.000000
    0.709992    0.000000
    0.714663    0.000000
    0.719334    0.000000
    0.724005    0.000000
    0.728676    0.000000
    0.733347    0.000000
    0.738018    0.000000
    0.742689    0.000000
    0.747360    0.000000
    0.752031    0.000000
    0.756702    0.000000
    0.761373    0.000000
    0.766044    0.000000
    0.770715    0.000000
    0.775386    0.000000
    0.780057    0.000000
    0.784728    0.000000
    0.789399    0.000000
    0.794070    0.000000
    0.798741    0.000000
    0.803412    0.000000
    0.808083    0.000000
    0.812754    0.000000
    0.817425    0.000000
    0.822096    0.000000
    0.826767    0.000000
    0.831438    0.000000
    0.836109    0.000000
    0.840780    0.000000
    0.845451    0.000000
    0.850122    0.000000
    0.854793    0.000000
    0.859464    0.000150
    0.864135    0.000179
    0.868806    0.000738
    0.873477    0.001156
    0.878148    0.002462
    0.882819    0.004158
    0.887490    0.006891
    0.892161    0.012067
    0.896832    0.020766
    0.901503    0.030219
    0.906174    0.046200
    0.910845    0.070220
    0.915516    0.098164
    0.920187    0.141007
    0.924858    0.188043
    0.929529    0.249067
    0.934200    0.320016
    0.938871    0.397865
    0.943542    0.501495
    0.948213    0.622019
    0.952884    0.750446
    0.957555    0.878384
    0.962226    1.025291
    0.966897    1.205199
    0.971568    1.363006
    0.976239    1.529976
    0.980910    1.715392
    0.985581    1.874301
    0.990252    2.041511
    0.994923    2.195671
    0.999594    2.377633
    1.004265    2.548030
    1.008936    2.683095
    1.013607    2.818768
    1.018278    2.941095
    1.022949    3.051535
    1.027620    3.152982
    1.032291    3.226366
    1.036962    3.288837
    1.041633    3.350100
    1.046304    3.395294
    1.050975    3.430767
    1.055646    3.464221
    1.060317    3.466797
    1.064988    3.487207
    1.069659    3.459841
    1.074330    3.424864
    1.079001    3.405422
    1.083672    3.380680
    1.088343    3.348801
    1.093014    3.286845
    1.097685    3.199481
    1.102356    3.148772
    1.107027    3.090023
    1.111698    2.991961
    1.116369    2.905605
    1.121040    2.824800
    1.125711    2.760755
    1.130382    2.665797
    1.135053    2.563145
    1.139724    2.467347
    1.144395    2.396013
    1.149066    2.306269
    1.153737    2.223480
    1.158408    2.139888
    1.163079    2.055038
    1.167750    1.964040
    1.172421    1.882712
    1.177092    1.803784
    1.181763    1.725427
    1.186434    1.644522
    1.191105    1.550733
    1.195776    1.486492
    1.200447    1.417316
    1.205118    1.351725
    1.209789    1.284181
    1.214460    1.207565
    1.219131    1.144176
    1.223802    1.089036
    1.228473    1.041671
    1.233144    0.986268
    1.237815    0.940159
    1.242486    0.879020
    1.247157    0.838862
    1.251828    0.792848
    1.256499    0.748846
    1.261170    0.712727
    1.265841    0.673259
    1.270512    0.637844
    1.275183    0.604878
    1.279854    0.567299
    1.284525    0.535487
    1.289196    0.507669
    1.293867    0.480514
    1.298538    0.461234
    1.303209    0.437478
    1.307880    0.417379
    1.312551    0.397158
    1.317222    0.378980
    1.321893    0.371016
    1.326564    0.356768
    1.331235    0.346321
    1.335906    0.338251
    1.340577    0.330211
    1.345248    0.321974
    1.349919    0.314172
    1.354590    0.308849
    1.359261    0.306594
    1.363932    0.305261
    1.368603    0.305719
    1.373274    0.304973
    1.377945    0.311896
    1.382616    0.315552
    1.387287    0.320908
    1.391958    0.327977
    1.396629    0.328626
    1.401300    0.336110
    1.405971    0.347328
    1.410642    0.353277
    1.415313    0.357426
    1.419984    0.365896
    1.424655    0.378509
    1.429326    0.391413
    1.433997    0.400346
    1.438668    0.418987
    1.443339    0.428701
    1.448010    0.442399
    1.452681    0.449136
    1.457352    0.463682
    1.462023    0.474032
    1.466694    0.493987
    1.471365    0.504560
    1.476036    0.514693
    1.480707    0.520353
    1.485378    0.534018
    1.490049    0.536502
    1.494720    0.554254
    1.499391    0.564943
    1.504062    0.579118
    1.508733    0.580024
    1.513404    0.593282
    1.518075    0.604684
    1.522746    0.610807
    1.527417    0.620908
    1.532088    0.624427
    1.536759    0.626872
    1.541430    0.631316
    1.546101    0.638719
    1.550772    0.645091
    1.555443    0.638443
    1.560114    0.649062
    1.564785    0.646176
    1.569456    0.642039
    1.574127    0.641847
    1.578798    0.641394
    1.583469    0.639265
    1.588140    0.630518
    1.592811    0.621159
    1.597482    0.615158
    1.602153    0.609700
    1.606824    0.602994
    1.611495    0.599471
    1.616166    0.601222
    1.620837    0.590817
    1.625508    0.582317
    1.630179    0.575081
    1.634850    0.571934
    1.639521    0.568994
    1.644192    0.566682
    1.648863    0.565051
    1.653534    0.561030
    1.658205    0.561785
    1.662876    0.561364
    1.667547    0.563722
    1.672218    0.569159
    1.676889    0.572193
    1.681560    0.573721
    1.686231    0.576214
    1.690902    0.592241
    1.695573    0.597968
    1.700244    0.612713
    1.704915    0.625032
    1.709586    0.635790
    1.714257    0.654721
    1.718928    0.677279
    1.723599    0.701623
    1.728270    0.726347
    1.732941    0.747098
    1.737612    0.771693
    1.742283    0.792036
    1.746954    0.814023
    1.751625    0.849097
    1.756296    0.885483
    1.760967    0.920228
    1.765638    0.965790
    1.770309    1.000889
    1.774980    1.044738
    1.779651    1.081099
    1.784322    1.117900
    1.788993    1.160861
    1.793664    1.204690
    1.798335    1.244536
    1.803006    1.285363
    1.807677    1.329303
    1.812348    1.377856
    1.817019    1.410084
    1.821690    1.455151
    1.826361    1.496908
    1.831032    1.531372
    1.835703    1.557367
    1.840374    1.585718
    1.845045    1.615704
    1.849716    1.640419
    1.854387    1.676045
    1.859058    1.695657
    1.863729    1.713305
    1.868400    1.738596
    1.873071    1.760005
    1.877742    1.774680
    1.882413    1.779451
    1.887084    1.789016
    1.891755    1.799667
    1.896426    1.800050
    1.901097    1.792141
    1.905768    1.785495
    1.910439    1.777545
    1.915110    1.774481
    1.919781    1.757387
    1.924452    1.745590
    1.929123    1.726976
    1.933794    1.707927
    1.938465    1.693050
    1.943136    1.664748
    1.947807    1.637174
    1.952478    1.611561
    1.957149    1.589316
    1.961820    1.560349
    1.966491    1.538351
    1.971162    1.502234
    1.975833    1.465299
    1.980504    1.437141
    1.985175    1.405449
    1.989846    1.371071
    1.994517    1.334511
    1.999188    1.309492
    2.003859    1.284102
    2.008530    1.249582
    2.013201    1.217964
    2.017872    1.187263
    2.022543    1.162615
    2.027214    1.131206
    2.031885    1.108693
    2.036556    1.081873
    2.041227    1.062659
    2.045898    1.048857
    2.050569    1.029077
    2.055240    1.007465
    2.059911    0.992780
    2.064582    0.973298
    2.069253    0.954229
    2.073924    0.941354
    2.078595    0.926851
    2.083266    0.919703
    2.087937    0.906158
    2.092608    0.898555
    2.097279    0.890638
    2.101950    0.885167
    2.106621    0.878275
    2.111292    0.868774
    2.115963    0.868704
    2.120634    0.859447
    2.125305    0.855225
    2.129976    0.855696
    2.134647    0.847684
    2.139318    0.844302
    2.143989    0.840575
    2.148660    0.837519
    2.153331    0.836934
    2.158002    0.836651
    2.162673    0.838481
    2.167344    0.831939
    2.172015    0.832536
    2.176686    0.835150
    2.181357    0.831941
    2.186028    0.825151
    2.190699    0.826401
    2.195370    0.829167
    2.200041    0.824727
    2.204712    0.821944
    2.209383    0.822101
    2.214054    0.823302
    2.218725    0.817308
    2.223396    0.817437
    2.228067    0.809959
    2.232738    0.812031
    2.237409    0.809621
    2.242080    0.811288
    2.246751    0.809220
    2.251422    0.811654
    2.256093    0.811317
    2.260764    0.809415
    2.265435    0.807628
    2.270106    0.810828
    2.274777    0.812783
    2.279448    0.817037
    2.284119    0.816432
    2.288790    0.818011
    2.293461    0.829077
    2.298132    0.831168
    2.302803    0.833415
    2.307474    0.839285
    2.312145    0.846091
    2.316816    0.856340
    2.321487    0.859150
    2.326158    0.866100
    2.330829    0.877153
    2.335500    0.885831
    2.340171    0.896390
    2.344842    0.901791
    2.349513    0.911063
    2.354184    0.922955
    2.358855    0.933718
    2.363526    0.942704
    2.368197    0.950551
    2.372868    0.957397
    2.377539    0.971126
    2.382210    0.975941
    2.386881    0.989642
    2.391552    0.996705
    2.396223    1.005468
    2.400894    1.014345
    2.405565    1.015426
    2.410236    1.026100
    2.414907    1.033190
    2.419578    1.036549
    2.424249    1.040830
    2.428920    1.050263
    2.433591    1.058304
    2.438262    1.059008
    2.442933    1.059974
    2.447604    1.060489
    2.452275    1.057846
    2.456946    1.060479
    2.461617    1.055370
    2.466288    1.055757
    2.470959    1.052454
    2.475630    1.047733
    2.480301    1.044666
    2.484972    1.039936
    2.489643    1.039789
    2.494314    1.027290
    2.498985    1.014135
    2.503656    1.003659
    2.508327    0.997147
    2.512998    0.984739
    2.517669    0.973183
    2.522340    0.961987
    2.527011    0.947671
    2.531682    0.941743
    2.536353    0.924547
    2.541024    0.910881
    2.545695    0.897761
    2.550366    0.889347
    2.555037    0.873302
    2.559708    0.859853
    2.564379    0.845396
    2.569050    0.830740
    2.573721    0.814970
    2.578392    0.800779
    2.583063    0.786300
    2.587734    0.770745
    2.592405    0.759505
    2.597076    0.753528
    2.601747    0.744986
    2.606418    0.733203
    2.611089    0.726588
    2.615760    0.715875
    2.620431    0.709754
    2.625102    0.701564
    2.629773    0.692825
    2.634444    0.687304
    2.639115    0.681818
    2.643786    0.681776
    2.648457    0.681043
    2.653128    0.678358
    2.657799    0.678809
    2.662470    0.679479
    2.667141    0.680076
    2.671812    0.680557
    2.676483    0.689168
    2.681154    0.689120
    2.685825    0.697101
    2.690496    0.699348
    2.695167    0.709468
    2.699838    0.717052
    2.704509    0.726656
    2.709180    0.740103
    2.713851    0.755430
    2.718522    0.763317
    2.723193    0.782246
    2.727864    0.802325
    2.732535    0.816818
    2.737206    0.832766
    2.741877    0.850397
    2.746548    0.869267
    2.751219    0.892972
    2.755890    0.914499
    2.760561    0.934492
    2.765232    0.959263
    2.769903    0.986094
    2.774574    1.012010
    2.779245    1.041859
    2.783916    1.064590
    2.788587    1.091265
    2.793258    1.117156
    2.797929    1.146471
    2.802600    1.173666
    2.807271    1.202112
    2.811942    1.223046
    2.816613    1.243615
    2.821284    1.268111
    2.825955    1.290704
    2.830626    1.314676
    2.835297    1.342226
    2.839968    1.367141
    2.844639    1.386772
    2.849310    1.401394
    2.853981    1.421889
    2.858652    1.439002
    2.863323    1.457216
    2.867994    1.469460
    2.872665    1.481175
    2.877336    1.493415
    2.882007    1.505371
    2.886678    1.516840
    2.891349    1.517035
    2.896020    1.521586
    2.900691    1.523430
    2.905362    1.523906
    2.910033    1.521222
    2.914704    1.518437
    2.919375    1.516170
    2.924046    1.507701
    2.928717    1.499424
    2.933388    1.490947
    2.938059    1.479396
    2.942730    1.465928
    2.947401    1.449085
    2.952072    1.427486
    2.956743    1.416068
    2.961414    1.393971
    2.966085    1.373590
    2.970756    1.353017
    2.975427    1.334576
    2.980098    1.307245
    2.984769    1.282283
    2.989440    1.257745
    2.994111    1.235970
    2.998782    1.211649
    3.003453    1.181340
    3.008124    1.153825
    3.012795    1.129814
    3.017466    1.105768
    3.022137    1.079635
    3.026808    1.055362
    3.031479    1.028878
    3.036150    1.006569
    3.040821    0.983251
    3.045492    0.959427
    3.050163    0.937625
    3.054834    0.917224
    3.059505    0.893344
    3.064176    0.872342
    3.068847    0.853078
    3.073518    0.839181
    3.078189    0.825267
    3.082860    0.809382
    3.087531    0.797044
    3.092202    0.786578
    3.096873    0.773615
    3.101544    0.759902
    3.106215    0.753877
    3.110886    0.746240
    3.115557    0.741639
    3.120228    0.732702
    3.124899    0.727305
    3.129570    0.725316
    3.134241    0.723128
    3.138912    0.724174
    3.143583    0.727092
    3.148254    0.730516
    3.152925    0.732568
    3.157596    0.740082
    3.162267    0.746160
    3.166938    0.751177
    3.171609    0.755423
    3.176280    0.764397
    3.180951    0.773992
    3.185622    0.780694
    3.190293    0.788008
    3.194964    0.801243
    3.199635    0.807670
    3.204306    0.822435
    3.208977    0.834712
    3.213648    0.847030
    3.218319    0.854590
    3.222990    0.867236
    3.227661    0.879743
    3.232332    0.892725
    3.237003    0.901583
    3.241674    0.911722
    3.246345    0.922887
    3.251016    0.936095
    3.255687    0.951467
    3.260358    0.961390
    3.265029    0.972033
    3.269700    0.981873
    3.274371    0.993023
    3.279042    1.002561
    3.283713    1.006557
    3.288384    1.016230
    3.293055    1.023436
    3.297726    1.026324
    3.302397    1.034472
    3.307068    1.040919
    3.311739    1.042865
    3.316410    1.046458
    3.321081    1.050266
    3.325752    1.055760
    3.330423    1.059211
    3.335094    1.055617
    3.339765    1.058495
    3.344436    1.056304
    3.349107    1.056806
    3.353778    1.054888
    3.358449    1.055745
    3.363120    1.051699
    3.367791    1.051099
    3.372462    1.051589
    3.377133    1.043244
    3.381804    1.039246
    3.386475    1.035682
    3.391146    1.031572
    3.395817    1.028302
    3.400488    1.023825
    3.405159    1.019645
    3.409830    1.014368
    3.414501    1.008056
    3.419172    1.001666
    3.423843    0.997830
    3.428514    0.994095
    3.433185    0.987230
    3.437856    0.980448
    3.442527    0.975267
    3.447198    0.967545
    3.451869    0.964319
    3.456540    0.958337
    3.461211    0.953798
    3.465882    0.950825
    3.470553    0.944357
    3.475224    0.938065
    3.479895    0.933972
    3.484566    0.927782
    3.489237    0.923760
    3.493908    0.920370
    3.498579    0.917270
    3.503250    0.910011
    3.507921    0.908183
    3.512592    0.900919
    3.517263    0.895594
    3.521934    0.893912
    3.526605    0.895134
    3.531276    0.889312
    3.535947    0.887487
    3.540618    0.886449
    3.545289    0.881293
    3.549960    0.880372
    3.554631    0.877553
    3.559302    0.872543
    3.563973    0.870456
    3.568644    0.869257
    3.573315    0.866808
    3.577986    0.865590
    3.582657    0.866564
    3.587328    0.866562
    3.591999    0.865462
    3.596670    0.863112
    3.601341    0.862979
    3.606012    0.863533
    3.610683    0.864803
    3.615354    0.864324
    3.620025    0.862049
    3.624696    0.859520
    3.629367    0.854685
    3.634038    0.859853
    3.638709    0.860113
    3.643380    0.864111
    3.648051    0.864113
    3.652722    0.864973
    3.657393    0.865744
    3.662064    0.865306
    3.666735    0.863905
    3.671406    0.864955
    3.676077    0.868790
    3.680748    0.871064
    3.685419    0.873081
    3.690090    0.872508
    3.694761    0.878944
    3.699432    0.884054
    3.704103    0.889360
    3.708774    0.893643
    3.713445    0.898424
    3.718116    0.902379
    3.722787    0.909385
    3.727458    0.915182
    3.732129    0.919038
    3.736800    0.926765
    3.741471    0.933246
    3.746142    0.940665
    3.750813    0.948124
    3.755484    0.958418
    3.760155    0.969076
    3.764826    0.978321
    3.769497    0.988292
    3.774168    0.999211
    3.778839    1.008252
    3.783510    1.021764
    3.788181    1.033670
    3.792852    1.044916
    3.797523    1.054003
    3.802194    1.068222
    3.806865    1.080381
    3.811536    1.092117
    3.816207    1.107066
    3.820878    1.119944
    3.825549    1.135489
    3.830220    1.147566
    3.834891    1.161156
    3.839562    1.174718
    3.844233    1.191783
    3.848904    1.206813
    3.853575    1.217851
    3.858246    1.234487
    3.862917    1.244718
    3.867588    1.257394
    3.872259    1.273896
    3.876930    1.282652
    3.881601    1.292938
    3.886272    1.304835
    3.890943    1.313158
    3.895614    1.324714
    3.900285    1.331092
    3.904956    1.339804
    3.909627    1.343433
    3.914298    1.347632
    3.918969    1.351574
    3.923640    1.357395
    3.928311    1.358593
    3.932982    1.360125
    3.937653    1.366459
    3.942324    1.363312
    3.946995    1.358606
    3.951666    1.354629
    3.956337    1.352888
    3.961008    1.349922
    3.965679    1.343106
    3.970350    1.336692
    3.975021    1.329988
    3.979692    1.320228
    3.984363    1.307031
    3.989034    1.296004
    3.993705    1.286793
    3.998376    1.277599
    4.003047    1.261182
    4.007718    1.249817
    4.012389    1.232906
    4.017060    1.218719
    4.021731    1.202422
    4.026402    1.186188
    4.031073    1.164449
    4.035744    1.150318
    4.040415    1.133522
    4.045086    1.112705
    4.049757    1.095859
    4.054428    1.076912
    4.059099    1.061106
    4.063770    1.045153
    4.068441    1.030832
    4.073112    1.016840
    4.077783    0.998262
    4.082454    0.982771
    4.087125    0.966044
    4.091796    0.950323
    4.096467    0.938580
    4.101138    0.925596
    4.105809    0.914415
    4.110480    0.899991
    4.115151    0.888691
    4.119822    0.876217
    4.124493    0.865195
    4.129164    0.857537
    4.133835    0.846545
    4.138506    0.841050
    4.143177    0.831464
    4.147848    0.822964
    4.152519    0.816692
    4.157190    0.814125
    4.161861    0.811368
    4.166532    0.809251
    4.171203    0.807438
    4.175874    0.805985
    4.180545    0.802257
    4.185216    0.803494
    4.189887    0.805405
    4.194558    0.807089
    4.199229    0.806668
    4.203900    0.807248
    4.208571    0.808306
    4.213242    0.806931
    4.217913    0.808439
    4.222584    0.810945
    4.227255    0.811181
    4.231926    0.813409
    4.236597    0.814707
    4.241268    0.816484
    4.245939    0.818595
    4.250610    0.823048
    4.255281    0.825054
    4.259952    0.826347
    4.264623    0.827540
    4.269294    0.829228
    4.273965    0.828225
    4.278636    0.829918
    4.283307    0.833768
    4.287978    0.833708
    4.292649    0.834409
    4.297320    0.835098
    4.301991    0.836018
    4.306662    0.835638
    4.311333    0.834742
    4.316004    0.835213
    4.320675    0.835342
    4.325346    0.833598
    4.330017    0.832446
    4.334688    0.834138
    4.339359    0.832193
    4.344030    0.833501
    4.348701    0.833869
    4.353372    0.830581
    4.358043    0.828243
    4.362714    0.827648
    4.367385    0.828841
    4.372056    0.831394
    4.376727    0.828166
    4.381398    0.831061
    4.386069    0.831314
    4.390740    0.830323
    4.395411    0.832439
    4.400082    0.833039
    4.404753    0.832988
    4.409424    0.834636
    4.414095    0.837717
    4.418766    0.839564
    4.423437    0.843766
    4.428108    0.848201
    4.432779    0.852335
    4.437450    0.857357
    4.442121    0.861681
    4.446792    0.864871
    4.451463    0.869354
    4.456134    0.874759
    4.460805    0.878856
    4.465476    0.885415
    4.470147    0.891947
    4.474818    0.897824
    4.479489    0.903447
    4.484160    0.909221
    4.488831    0.914152
    4.493502    0.921524
    4.498173    0.928694
    4.502844    0.935469
    4.507515    0.940708
    4.512186    0.949236
    4.516857    0.953288
    4.521528    0.960895
    4.526199    0.967461
    4.530870    0.973716
    4.535541    0.981438
    4.540212    0.989299
    4.544883    0.994326
    4.549554    1.001064
    4.554225    1.006450
    4.558896    1.013243
    4.563567    1.021089
    4.568238    1.026580
    4.572909    1.033363
    4.577580    1.038909
    4.582251    1.043440
    4.586922    1.048531
    4.591593    1.053074
    4.596264    1.062767
    4.600935    1.065660
    4.605606    1.071606
    4.610277    1.077373
    4.614948    1.084719
    4.619619    1.091280
    4.624290    1.094946
    4.628961    1.100541
    4.633632    1.105635
    4.638303    1.110157
    4.642974    1.117450
    4.647645    1.122658
    4.652316    1.128108
    4.656987    1.134561
    4.661658    1.140294
    4.666329    1.145621
    4.671000    1.149300
