    0.004671    0.000000
    0.009342    0.000000
    0.014013    0.000000
    0.018684    0.000000
    0.023355    0.000000
    0.028026    0.000000
    0.032697    0.000000
    0.037368    0.000000
    0.042039    0.000000
    0.046710    0.000000
    0.051381    0.000000
    0.056052    0.000000
    0.060723    0.000000
    0.065394    0.000000
    0.070065    0.000000
    0.074736    0.000000
    0.079407    0.000000
    0.084078    0.000000
    0.088749    0.000000
    0.093420    0.000000
    0.098091    0.000000
    0.102762    0.000000
    0.107433    0.000000
    0.112104    0.000000
    0.116775    0.000000
    0.121446    0.000000
    0.126117    0.000000
    0.130788    0.000000
    0.135459    0.000000
    0.140130    0.000000
    0.144801    0.000000
    0.149472    0.000000
    0.154143    0.000000
    0.158814    0.000000
    0.163485    0.000000
    0.168156    0.000000
    0.172827    0.000000
    0.177498    0.000000
    0.182169    0.000000
    0.186840    0.000000
    0.191511    0.000000
    0.196182    0.000000
    0.200853    0.000000
    0.205524    0.000000
    0.210195    0.000000
    0.214866    0.000000
    0.219537    0.000000
    0.224208    0.000000
    0.228879    0.000000
    0.233550    0.000000
    0.238221    0.000000
    0.242892    0.000000
    0.247563    0.000000
    0.252234    0.000000
    0.256905    0.000000
    0.261576    0.000000
    0.266247    0.000000
    0.270918    0.000000
    0.275589    0.000000
    0.280260    0.000000
    0.284931    0.000000
    0.289602    0.000000
    0.294273    0.000000
    0.298944    0.000000
    0.303615    0.000000
    0.308286    0.000000
    0.312957    0.000000
    0.317628    0.000000
    0.322299    0.000000
    0.326970    0.000000
    0.331641    0.000000
    0.336312    0.000000
    0.340983    0.000000
    0.345654    0.000000
    0.350325    0.000000
    0.354996    0.000000
    0.359667    0.000000
    0.364338    0.000000
    0.369009    0.000000
    0.373680    0.000000
    0.378351    0.000000
    0.383022    0.000000
    0.387693    0.000000
    0.392364    0.000000
    0.397035    0.000000
    0.401706    0.000000
    0.406377    0.000000
    0.411048    0.000000
    0.415719    0.000000
    0.420390    0.000000
    0.425061    0.000000
    0.429732    0.000000
    0.434403    0.000000
    0.439074    0.000000
    0.443745    0.000000
    0.448416    0.000000
    0.453087    0.000000
    0.457758    0.000000
    0.462429    0.000000
    0.467100    0.000000
    0.471771    0.000000
    0.476442    0.000000
    0.481113    0.000000
    0.485784    0.000000
    0.490455    0.000000
    0.495126    0.000000
    0.499797    0.000000
    0.504468    0.000000
    0.509139    0.000000
    0.513810    0.000000
    0.518481    0.000000
    0.523152    0.000000
    0.527823    0.000000
    0.532494    0.000000
    0.537165    0.000000
    0.541836    0.000000
    0.546507    0.000000
    0.551178    0.000000
    0.555849    0.000000
    0.560520    0.000000
    0.565191    0.000000
    0.569862    0.000000
    0.574533    0.000000
    0.579204    0.000000
    0.583875    0.000000
    0.588546    0.000000
    0.593217    0.000000
    0.597888    0.000000
    0.602559    0.000000
    0.607230    0.000000
    0.611901    0.000000
    0.616572    0.000000
    0.621243    0.000000
    0.625914    0.000000
    0.630585    0.000000
    0.635256    0.000000
    0.639927    0.000000
    0.644598    0.000000
    0.649269    0.000000
    0.653940    0.000000
    0.658611    0.000000
    0.663282    0.000000
    0.667953    0.000000
    0.672624    0.000000
    0.677295    0.000000
    0.681966    0.000000
    0.686637    0.000000
    0.691308    0.000000
    0.695979    0.000000
    0.700650    0.000000
    0.705321    0.000000
    0.709992    0.000000
    0.714663    0.000000
    0.719334    0.000000
    0.724005    0.000000
    0.728676    0.000000
    0.733347    0.000000
    0.738018    0.000000
    0.742689    0.000000
    0.747360    0.000000
    0.752031    0.000000
    0.756702    0.000000
    0.761373    0.000000
    0.766044    0.000000
    0.770715    0.000000
    0.775386    0.000000
    0.780057    0.000000
    0.784728    0.000000
    0.789399    0.000000
    0.794070    0.000000
    0.798741    0.000000
    0.803412    0.000000
    0.808083    0.000000
    0.812754    0.000000
    0.817425    0.000000
    0.822096    0.000000
    0.826767    0.000000
    0.831438    0.000000
    0.836109    0.000000
    0.840780    0.000000
    0.845451    0.000000
    0.850122    0.000000
    0.854793    0.000000
    0.859464    0.000007
    0.864135    0.000015
    0.868806    0.000050
    0.873477    0.000105
    0.878148    0.000223
    0.882819    0.000424
    0.887490    0.000762
    0.892161    0.001359
    0.896832    0.002398
    0.901503    0.003926
    0.906174    0.006286
    0.910845    0.009910
    0.915516    0.015028
    0.920187    0.022455
    0.924858    0.032460
    0.929529    0.045846
    0.934200    0.063218
    0.938871    0.085034
    0.943542    0.112805
    0.948213    0.147593
    0.952884    0.189979
    0.957555    0.240077
    0.962226    0.299127
    0.966897    0.369213
    0.971568    0.449244
    0.976239    0.539945
    0.980910    0.642613
    0.985581    0.755863
    0.990252    0.880388
    0.994923    1.015583
    0.999594    1.163359
    1.004265    1.323210
    1.008936    1.493104
    1.013607    1.673245
    1.018278    1.862940
    1.022949    2.061567
    1.027620    2.268677
    1.032291    2.482538
    1.036962    2.702518
    1.041633    2.928618
    1.046304    3.159828
    1.050975    3.395545
    1.055646    3.635680
    1.060317    3.878125
    1.064988    4.124151
    1.069659    4.370392
    1.074330    4.616278
    1.079001    4.862898
    1.083672    5.109850
    1.088343    5.356588
    1.093014    5.600843
    1.097685    5.840643
    1.102356    6.078655
    1.107027    6.314210
    1.111698    6.544218
    1.116369    6.769469
    1.121040    6.990292
    1.125711    7.207910
    1.130382    7.419791
    1.135053    7.625200
    1.139724    7.824562
    1.144395    8.019751
    1.149066    8.209166
    1.153737    8.393269
    1.158408    8.571888
    1.163079    8.744811
    1.167750    8.911406
    1.172421    9.072384
    1.177092    9.227844
    1.181763    9.377734
    1.186434    9.521726
    1.191105    9.658578
    1.195776    9.790792
    1.200447    9.917840
    1.205118   10.039952
    1.209789   10.156864
    1.214460   10.267652
    1.219131   10.373433
    1.223802   10.474889
    1.228473   10.572675
    1.233144   10.665965
    1.237815   10.755569
    1.242486   10.839979
    1.247157   10.921140
    1.251828   10.998425
    1.256499   11.071966
    1.261170   11.142481
    1.265841   11.209586
    1.270512   11.273632
    1.275183   11.334814
    1.279854   11.392616
    1.284525   11.447577
    1.289196   11.500061
    1.293867   11.550099
    1.298538   11.598477
    1.303209   11.644693
    1.307880   11.689103
    1.312551   11.731664
    1.317222   11.772566
    1.321893   11.812894
    1.326564   11.851947
    1.331235   11.890124
    1.335906   11.927673
    1.340577   11.964587
    1.345248   12.000831
    1.349919   12.036443
    1.354590   12.071695
    1.359261   12.106931
    1.363932   12.142255
    1.368603   12.177874
    1.373274   12.213650
    1.377945   12.250488
    1.382616   12.288010
    1.387287   12.326427
    1.391958   12.365955
    1.396629   12.405828
    1.401300   12.446883
    1.405971   12.489590
    1.410642   12.533319
    1.415313   12.577854
    1.419984   12.623746
    1.424655   12.671533
    1.429326   12.721274
    1.433997   12.772483
    1.438668   12.826426
    1.443339   12.881978
    1.448010   12.939678
    1.452681   12.998634
    1.457352   13.059892
    1.462023   13.122920
    1.466694   13.189021
    1.471365   13.256967
    1.476036   13.326719
    1.480707   13.397685
    1.485378   13.470975
    1.490049   13.545070
    1.494720   13.622096
    1.499391   13.701100
    1.504062   13.782592
    1.508733   13.864719
    1.513404   13.949244
    1.518075   14.035926
    1.522746   14.124025
    1.527417   14.214131
    1.532088   14.305304
    1.536759   14.397392
    1.541430   14.490698
    1.546101   14.585670
    1.550772   14.682171
    1.555443   14.778254
    1.560114   14.876522
    1.564785   14.974940
    1.569456   15.073312
    1.574127   15.172242
    1.578798   15.271689
    1.583469   15.371393
    1.588140   15.470314
    1.592811   15.568341
    1.597482   15.665991
    1.602153   15.763341
    1.606824   15.860183
    1.611495   15.957020
    1.616166   16.054703
    1.620837   16.151252
    1.625508   16.246961
    1.630179   16.342024
    1.634850   16.437110
    1.639521   16.532248
    1.644192   16.627541
    1.648863   16.723100
    1.653534   16.818517
    1.658205   16.914603
    1.662876   17.011159
    1.667547   17.108665
    1.672218   17.207665
    1.676889   17.307749
    1.681560   17.408660
    1.686231   17.510574
    1.690902   17.615903
    1.695573   17.722839
    1.700244   17.833017
    1.704915   17.946028
    1.709586   18.061615
    1.714257   18.181295
    1.718928   18.305774
    1.723599   18.435430
    1.728270   18.570382
    1.732941   18.709942
    1.737612   18.854874
    1.742283   19.004427
    1.746954   19.158957
    1.751625   19.321009
    1.756296   19.490907
    1.760967   19.668413
    1.765638   19.855696
    1.770309   20.050815
    1.774980   20.255557
    1.779651   20.468542
    1.784322   20.689935
    1.788993   20.921041
    1.793664   21.162127
    1.798335   21.412485
    1.803006   21.672402
    1.807677   21.942598
    1.812348   22.224113
    1.817019   22.513699
    1.821690   22.814078
    1.826361   23.124665
    1.831032   23.444029
    1.835703   23.770474
    1.840374   24.104555
    1.845045   24.446684
    1.849716   24.795807
    1.854387   25.154316
    1.859058   25.518850
    1.863729   25.889031
    1.868400   26.266562
    1.873071   26.650654
    1.877742   27.039884
    1.882413   27.432104
    1.887084   27.828392
    1.891755   28.229014
    1.896426   28.631704
    1.901097   29.034601
    1.905768   29.437980
    1.910439   29.841533
    1.915110   30.246363
    1.919781   30.649251
    1.924452   31.051385
    1.929123   31.451164
    1.933794   31.848450
    1.938465   32.244181
    1.943136   32.635174
    1.947807   33.021541
    1.952478   33.403690
    1.957149   33.782370
    1.961820   34.155924
    1.966491   34.525968
    1.971162   34.889043
    1.975833   35.244871
    1.980504   35.595514
    1.985175   35.940044
    1.989846   36.277730
    1.994517   36.607956
    1.999188   36.933511
    2.003859   37.254247
    2.008530   37.567817
    2.013201   37.874877
    2.017872   38.175587
    2.022543   38.471419
    2.027214   38.760590
    2.031885   39.045314
    2.036556   39.324429
    2.041227   39.599845
    2.045898   39.872931
    2.050569   40.142091
    2.055240   40.406800
    2.059911   40.668837
    2.064582   40.926899
    2.069253   41.181052
    2.073924   41.432908
    2.078595   41.682002
    2.083266   41.930287
    2.087937   42.176014
    2.092608   42.420770
    2.097279   42.664454
    2.101950   42.907722
    2.106621   43.150169
    2.111292   43.391058
    2.115963   43.632995
    2.120634   43.873412
    2.125305   44.113702
    2.129976   44.355183
    2.134647   44.595453
    2.139318   44.835813
    2.143989   45.076159
    2.148660   45.316675
    2.153331   45.558069
    2.158002   45.800429
    2.162673   46.044373
    2.167344   46.287459
    2.172015   46.531770
    2.176686   46.777903
    2.181357   47.024144
    2.186028   47.269422
    2.190699   47.516123
    2.195370   47.764706
    2.200041   48.013011
    2.204712   48.261530
    2.209383   48.511151
    2.214054   48.762195
    2.218725   49.012463
    2.223396   49.263827
    2.228067   49.513938
    2.232738   49.765742
    2.237409   50.017850
    2.242080   50.271533
    2.246751   50.525624
    2.251422   50.781541
    2.256093   51.038413
    2.260764   51.295746
    2.265435   51.553573
    2.270106   51.813490
    2.274777   52.075107
    2.279448   52.339175
    2.284119   52.604130
    2.288790   52.870684
    2.293461   53.141947
    2.298132   53.415004
    2.302803   53.689912
    2.307474   53.967882
    2.312145   54.249241
    2.316816   54.535160
    2.321487   54.823176
    2.326158   55.114690
    2.330829   55.411112
    2.335500   55.711667
    2.340171   56.017023
    2.344842   56.325446
    2.349513   56.638283
    2.354184   56.956465
    2.358855   57.279636
    2.363526   57.607210
    2.368197   57.938818
    2.372868   58.274133
    2.377539   58.615597
    2.382210   58.960104
    2.386881   59.310818
    2.391552   59.665419
    2.396223   60.024537
    2.400894   60.388239
    2.405565   60.753746
    2.410236   61.124532
    2.414907   61.499328
    2.419578   61.876798
    2.424249   62.257293
    2.428920   62.642716
    2.433591   63.032586
    2.438262   63.424214
    2.442933   63.817703
    2.447604   64.212889
    2.452275   64.608597
    2.456946   65.006803
    2.461617   65.404598
    2.466288   65.804051
    2.470959   66.203764
    2.475630   66.603189
    2.480301   67.002950
    2.484972   67.402401
    2.489643   67.803299
    2.494314   68.200865
    2.498985   68.594811
    2.503656   68.986146
    2.508327   69.376395
    2.512998   69.763224
    2.517669   70.146937
    2.522340   70.527643
    2.527011   70.904074
    2.531682   71.279535
    2.536353   71.649502
    2.541024   72.015343
    2.545695   72.377242
    2.550366   72.737066
    2.555037   73.091694
    2.559708   73.442138
    2.564379   73.787949
    2.569050   74.129004
    2.573721   74.464802
    2.578392   74.795952
    2.583063   75.122293
    2.587734   75.443336
    2.592405   75.760841
    2.597076   76.076983
    2.601747   76.390667
    2.606418   76.700499
    2.611089   77.008637
    2.615760   77.313319
    2.620431   77.616476
    2.625102   77.917204
    2.629773   78.215243
    2.634444   78.511959
    2.639115   78.807351
    2.643786   79.103772
    2.648457   79.400921
    2.653128   79.697943
    2.657799   79.996211
    2.662470   80.295823
    2.667141   80.596752
    2.671812   80.898949
    2.676483   81.206040
    2.681154   81.514183
    2.685825   81.826982
    2.690496   82.141882
    2.695167   82.462448
    2.699838   82.787565
    2.704509   83.118178
    2.709180   83.456073
    2.713851   83.802156
    2.718522   84.153057
    2.723193   84.513896
    2.727864   84.885269
    2.732535   85.264646
    2.737206   85.652753
    2.741877   86.050431
    2.746548   86.458319
    2.751219   86.878757
    2.755890   87.310794
    2.760561   87.753774
    2.765232   88.210036
    2.769903   88.680646
    2.774574   89.165255
    2.779245   89.665839
    2.783916   90.179064
    2.788587   90.706917
    2.793258   91.249105
    2.797929   91.807382
    2.802600   92.380812
    2.807271   92.970100
    2.811942   93.571647
    2.816613   94.185344
    2.821284   94.813207
    2.825955   95.454374
    2.830626   96.109610
    2.835297   96.780786
    2.839968   97.466676
    2.844639   98.164704
    2.849310   98.872411
    2.853981   99.592825
    2.858652  100.324297
    2.863323  101.067451
    2.867994  101.819296
    2.872665  102.579605
    2.877336  103.348692
    2.882007  104.126455
    2.886678  104.912686
    2.891349  105.701566
    2.896020  106.495370
    2.900691  107.292702
    2.905362  108.092854
    2.910033  108.894167
    2.914704  109.696584
    2.919375  110.500372
    2.924046  111.302230
    2.928717  112.102236
    2.933388  112.900258
    2.938059  113.694622
    2.942730  114.484259
    2.947401  115.267302
    2.952072  116.041122
    2.956743  116.811183
    2.961414  117.571624
    2.966085  118.323313
    2.970756  119.066077
    2.975427  119.801024
    2.980098  120.523182
    2.984769  121.233772
    2.989440  121.932947
    2.994111  122.622167
    2.998782  123.299934
    3.003453  123.962807
    3.008124  124.612256
    3.012795  125.250167
    3.017466  125.876439
    3.022137  126.489804
    3.026808  127.091233
    3.031479  127.679382
    3.036150  128.256552
    3.040821  128.822088
    3.045492  129.375617
    3.050163  129.918229
    3.054834  130.450661
    3.059505  130.970819
    3.064176  131.480300
    3.068847  131.980051
    3.073518  132.473157
    3.078189  132.959563
    3.082860  133.438055
    3.087531  133.910683
    3.092202  134.378517
    3.096873  134.840032
    3.101544  135.294734
    3.106215  135.747192
    3.110886  136.196413
    3.115557  136.644207
    3.120228  137.087932
    3.124899  137.529709
    3.129570  137.971595
    3.134241  138.413465
    3.138912  138.857293
    3.143583  139.304237
    3.148254  139.754621
    3.152925  140.207612
    3.157596  140.666606
    3.162267  141.130739
    3.166938  141.599375
    3.171609  142.072051
    3.176280  142.551752
    3.180951  143.038904
    3.185622  143.531718
    3.190293  144.030608
    3.194964  144.539365
    3.199635  145.053703
    3.204306  145.578974
    3.208977  146.113641
    3.213648  146.657779
    3.218319  147.208371
    3.222990  147.768734
    3.227661  148.338827
    3.232332  148.919008
    3.237003  149.506640
    3.241674  150.102598
    3.246345  150.707592
    3.251016  151.323013
    3.255687  151.950338
    3.260358  152.586026
    3.265029  153.230594
    3.269700  153.883551
    3.274371  154.545812
    3.279042  155.216342
    3.283713  155.891465
    3.288384  156.575016
    3.293055  157.265371
    3.297726  157.959639
    3.302397  158.661403
    3.307068  159.369540
    3.311739  160.081006
    3.316410  160.796938
    3.321081  161.517502
    3.325752  162.243873
    3.330423  162.974668
    3.335094  163.705027
    3.339765  164.439430
    3.344436  165.174365
    3.349107  165.911704
    3.353778  166.649759
    3.358449  167.390473
    3.363120  168.130402
    3.367791  168.871964
    3.372462  169.615932
    3.377133  170.356042
    3.381804  171.095356
    3.386475  171.834172
    3.391146  172.572086
    3.395817  173.309690
    3.400488  174.046104
    3.405159  174.781528
    3.409830  175.515154
    3.414501  176.246214
    3.419172  176.974629
    3.423843  177.702238
    3.428514  178.429103
    3.433185  179.152917
    3.437856  179.873715
    3.442527  180.592654
    3.447198  181.307838
    3.451869  182.022569
    3.456540  182.734791
    3.461211  183.445557
    3.465882  184.156021
    3.470553  184.863556
    3.475224  185.568269
    3.479895  186.271795
    3.484566  186.972535
    3.489237  187.672109
    3.493908  188.370984
    3.498579  189.069368
    3.503250  189.764077
    3.507921  190.459240
    3.512592  191.150681
    3.517263  191.839864
    3.521934  192.529581
    3.526605  193.222075
    3.531276  193.911887
    3.535947  194.602107
    3.540618  195.293342
    3.545289  195.982371
    3.549960  196.672495
    3.554631  197.362220
    3.559302  198.049811
    3.563973  198.737559
    3.568644  199.426162
    3.573315  200.114623
    3.577986  200.803915
    3.582657  201.495786
    3.587328  202.189461
    3.591999  202.884060
    3.596670  203.578576
    3.601341  204.274790
    3.606012  204.973259
    3.610683  205.674568
    3.615354  206.377304
    3.620025  207.080002
    3.624696  207.782448
    3.629367  208.482744
    3.634038  209.189090
    3.638709  209.897466
    3.643380  210.610963
    3.648051  211.326292
    3.652722  212.044169
    3.657393  212.764523
    3.662064  213.486354
    3.666735  214.208856
    3.671406  214.934080
    3.676077  215.664374
    3.680748  216.398442
    3.685419  217.136078
    3.690090  217.875099
    3.694761  218.621458
    3.699432  219.374056
    3.704103  220.133083
    3.708774  220.897690
    3.713445  221.668326
    3.718116  222.444303
    3.722787  223.228271
    3.727458  224.019216
    3.732129  224.815487
    3.736800  225.620463
    3.741471  226.433097
    3.746142  227.254237
    3.750813  228.083953
    3.755484  228.924769
    3.760155  229.777051
    3.764826  230.639603
    3.769497  231.513109
    3.774168  232.398457
    3.778839  233.294027
    3.783510  234.203844
    3.788181  235.126537
    3.792852  236.061571
    3.797523  237.007060
    3.802194  237.967663
    3.806865  238.941588
    3.811536  239.928511
    3.816207  240.931397
    3.820878  241.948433
    3.825549  242.982110
    3.830220  244.029332
    3.834891  245.091542
    3.839562  246.168779
    3.844233  247.264325
    3.848904  248.376384
    3.853575  249.501340
    3.858246  250.644429
    3.862917  251.799785
    3.867588  252.969731
    3.872259  254.157896
    3.876930  255.357115
    3.881601  256.568866
    3.886272  257.794711
    3.890943  259.031343
    3.895614  260.281855
    3.900285  261.541402
    3.904956  262.812232
    3.909627  264.089555
    3.914298  265.373933
    3.918969  266.665144
    3.923640  267.965010
    3.928311  269.269122
    3.932982  270.577811
    3.937653  271.895721
    3.942324  273.213715
    3.946995  274.530275
    3.951666  275.846090
    3.956337  277.163321
    3.961008  278.480771
    3.965679  279.794662
    3.970350  281.105360
    3.975021  282.412556
    3.979692  283.713210
    3.984363  285.003887
    3.989034  286.286677
    3.993705  287.563334
    3.998376  288.833838
    4.003047  290.090947
    4.007718  291.339638
    4.012389  292.574305
    4.017060  293.797608
    4.021731  295.007361
    4.026402  296.203555
    4.031073  297.380553
    4.035744  298.545964
    4.040415  299.697019
    4.045086  300.829548
    4.049757  301.947509
    4.054428  303.048676
    4.059099  304.136183
    4.063770  305.209806
    4.068441  306.271155
    4.073112  307.320502
    4.077783  308.353041
    4.082454  309.371887
    4.087125  310.375686
    4.091796  311.365407
    4.096467  312.345132
    4.101138  313.313507
    4.105809  314.272367
    4.110480  315.218249
    4.115151  316.154379
    4.119822  317.079466
    4.124493  317.994989
    4.129164  318.904465
    4.133835  319.804315
    4.138506  320.700346
    4.143177  321.588164
    4.147848  322.468889
    4.152519  323.344872
    4.157190  324.220067
    4.161861  325.094259
    4.166532  325.968128
    4.171203  326.841996
    4.175874  327.716246
    4.180545  328.588400
    4.185216  329.463852
    4.189887  330.343347
    4.194558  331.226646
    4.199229  332.111451
    4.203900  332.998863
    4.208571  333.889414
    4.213242  334.780426
    4.217913  335.675082
    4.222584  336.574501
    4.227255  337.476173
    4.231926  338.382320
    4.236597  339.291919
    4.241268  340.205513
    4.245939  341.123487
    4.250610  342.048486
    4.255281  342.977780
    4.259952  343.910574
    4.264623  344.846764
    4.269294  345.786920
    4.273965  346.727995
    4.278636  347.673056
    4.283307  348.624575
    4.287978  349.578101
    4.292649  350.534511
    4.297320  351.493794
    4.301991  352.456222
    4.306662  353.420303
    4.311333  354.385441
    4.316004  355.353217
    4.320675  356.323238
    4.325346  357.293328
    4.330017  358.264171
    4.334688  359.239088
    4.339359  360.213828
    4.344030  361.192203
    4.348701  362.173118
    4.353372  363.152263
    4.358043  364.130749
    4.362714  365.110630
    4.367385  366.094025
    4.372056  367.082560
    4.376727  368.069362
    4.381398  369.061729
    4.386069  370.056515
    4.390740  371.052233
    4.395411  372.052613
    4.400082  373.055844
    4.404753  374.061144
    4.409424  375.070571
    4.414095  376.085870
    4.418766  377.105564
    4.423437  378.132528
    4.428108  379.167073
    4.432779  380.208854
    4.437450  381.258983
    4.442121  382.316630
    4.446792  383.380428
    4.451463  384.451987
    4.456134  385.532472
    4.460805  386.620295
    4.465476  387.718533
    4.470147  388.827189
    4.474818  389.945482
    4.479489  391.073129
    4.484160  392.210351
    4.488831  393.356125
    4.493502  394.513543
    4.498173  395.682394
    4.502844  396.862217
    4.507515  398.051111
    4.512186  399.253270
    4.516857  400.463062
    4.521528  401.685032
    4.526199  402.917894
    4.530870  404.161290
    4.535541  405.417132
    4.540212  406.685642
    4.544883  407.963222
    4.549554  409.252104
    4.554225  410.550583
    4.558896  411.860509
    4.563567  413.183286
    4.568238  414.515899
    4.572909  415.860061
    4.577580  417.214201
    4.582251  418.577022
    4.586922  419.949287
    4.591593  421.330305
    4.596264  422.726873
    4.600935  424.130090
    4.605606  425.544003
    4.610277  426.968410
    4.614948  428.405436
    4.619619  429.854082
    4.624290  431.310536
    4.628961  432.777391
    4.633632  434.254011
    4.638303  435.739662
    4.642974  437.238085
    4.647645  438.746522
    4.652316  440.265330
    4.656987  441.795895
    4.661658  443.337281
    4.666329  444.888973
    4.671000  446.448767
