    0.004671    0.000000
    0.009342    0.000000
    0.014013    0.000000
    0.018684    0.000000
    0.023355    0.000000
    0.028026    0.000000
    0.032697    0.000000
    0.037368    0.000000
    0.042039    0.000000
    0.046710    0.000000
    0.051381    0.000000
    0.056052    0.000000
    0.060723    0.000000
    0.065394    0.000000
    0.070065    0.000000
    0.074736    0.000000
    0.079407    0.000000
    0.084078    0.000000
    0.088749    0.000000
    0.093420    0.000000
    0.098091    0.000000
    0.102762    0.000000
    0.107433    0.000000
    0.112104    0.000000
    0.116775    0.000000
    0.121446    0.000000
    0.126117    0.000000
    0.130788    0.000000
    0.135459    0.000000
    0.140130    0.000000
    0.144801    0.000000
    0.149472    0.000000
    0.154143    0.000000
    0.158814    0.000000
    0.163485    0.000000
    0.168156    0.000000
    0.172827    0.000000
    0.177498    0.000000
    0.182169    0.000000
    0.186840    0.000000
    0.191511    0.000000
    0.196182    0.000000
    0.200853    0.000000
    0.205524    0.000000
    0.210195    0.000000
    0.214866    0.000000
    0.219537    0.000000
    0.224208    0.000000
    0.228879    0.000000
    0.233550    0.000000
    0.238221    0.000000
    0.242892    0.000000
    0.247563    0.000000
    0.252234    0.000000
    0.256905    0.000000
    0.261576    0.000000
    0.266247    0.000000
    0.270918    0.000000
    0.275589    0.000000
    0.280260    0.000000
    0.284931    0.000000
    0.289602    0.000000
    0.294273    0.000000
    0.298944    0.000000
    0.303615    0.000000
    0.308286    0.000000
    0.312957    0.000000
    0.317628    0.000000
    0.322299    0.000000
    0.326970    0.000000
    0.331641    0.000000
    0.336312    0.000000
    0.340983    0.000000
    0.345654    0.000000
    0.350325    0.000000
    0.354996    0.000000
    0.359667    0.000000
    0.364338    0.000000
    0.369009    0.000000
    0.373680    0.000000
    0.378351    0.000000
    0.383022    0.000000
    0.387693    0.000000
    0.392364    0.000000
    0.397035    0.000000
    0.401706    0.000000
    0.406377    0.000000
    0.411048    0.000000
    0.415719    0.000000
    0.420390    0.000000
    0.425061    0.000000
    0.429732    0.000000
    0.434403    0.000000
    0.439074    0.000000
    0.443745    0.000000
    0.448416    0.000000
    0.453087    0.000000
    0.457758    0.000000
    0.462429    0.000000
    0.467100    0.000000
    0.471771    0.000000
    0.476442    0.000000
    0.481113    0.000000
    0.485784    0.000000
    0.490455    0.000000
    0.495126    0.000000
    0.499797    0.000000
    0.504468    0.000000
    0.509139    0.000000
    0.513810    0.000000
    0.518481    0.000000
    0.523152    0.000000
    0.527823    0.000000
    0.532494    0.000000
    0.537165    0.000000
    0.541836    0.000000
    0.546507    0.000000
    0.551178    0.000000
    0.555849    0.000000
    0.560520    0.000000
    0.565191    0.000000
    0.569862    0.000000
    0.574533    0.000000
    0.579204    0.000000
    0.583875    0.000000
    0.588546    0.000000
    0.593217    0.000000
    0.597888    0.000000
    0.602559    0.000000
    0.607230    0.000000
    0.611901    0.000000
    0.616572    0.000000
    0.621243    0.000000
    0.625914    0.000000
    0.630585    0.000000
    0.635256    0.000000
    0.639927    0.000000
    0.644598    0.000000
    0.649269    0.000000
    0.653940    0.000000
    0.658611    0.000000
    0.663282    0.000000
    0.667953    0.000000
    0.672624    0.000000
    0.677295    0.000000
    0.681966    0.000000
    0.686637    0.000000
    0.691308    0.000000
    0.695979    0.000000
    0.700650    0.000000
    0.705321    0.000000
    0.709992    0.000000
    0.714663    0.000000
    0.719334    0.000000
    0.724005    0.000000
    0.728676    0.000000
    0.733347    0.000000
    0.738018    0.000000
    0.742689    0.000000
    0.747360    0.000000
    0.752031    0.000000
    0.756702    0.000000
    0.761373    0.000000
    0.766044    0.000000
    0.770715    0.000000
    0.775386    0.000000
    0.780057    0.000000
    0.784728    0.000000
    0.789399    0.000000
    0.794070    0.000000
    0.798741    0.000000
    0.803412    0.000000
    0.808083    0.000000
    0.812754    0.000052
    0.817425    0.000111
    0.822096    0.000178
    0.826767    0.000402
    0.831438    0.000917
    0.836109    0.001829
    0.840780    0.003099
    0.845451    0.005094
    0.850122    0.009414
    0.854793    0.016120
    0.859464    0.028031
    0.864135    0.043970
    0.868806    0.065710
    0.873477    0.092836
    0.878148    0.130635
    0.882819    0.183942
    0.887490    0.249554
    0.892161    0.322054
    0.896832    0.401319
    0.901503    0.501616
    0.906174    0.609681
    0.910845    0.733078
    0.915516    0.881832
    0.920187    1.011091
    0.924858    1.147714
    0.929529    1.299031
    0.934200    1.455892
    0.938871    1.594671
    0.943542    1.732910
    0.948213    1.871580
    0.952884    1.999215
    0.957555    2.136869
    0.962226    2.267024
    0.966897    2.383037
    0.971568    2.455152
    0.976239    2.539915
    0.980910    2.610669
    0.985581    2.668744
    0.990252    2.728317
    0.994923    2.760692
    0.999594    2.780511
    1.004265    2.790843
    1.008936    2.784338
    1.013607    2.789432
    1.018278    2.772117
    1.022949    2.762702
    1.027620    2.756904
    1.032291    2.733842
    1.036962    2.690803
    1.041633    2.645924
    1.046304    2.614065
    1.050975    2.560275
    1.055646    2.525687
    1.060317    2.458075
    1.064988    2.395965
    1.069659    2.355924
    1.074330    2.299698
    1.079001    2.243703
    1.083672    2.189883
    1.088343    2.153390
    1.093014    2.104007
    1.097685    2.039804
    1.102356    1.970863
    1.107027    1.920700
    1.111698    1.871860
    1.116369    1.826550
    1.121040    1.770448
    1.125711    1.721340
    1.130382    1.680742
    1.135053    1.627004
    1.139724    1.594281
    1.144395    1.551329
    1.149066    1.514439
    1.153737    1.479731
    1.158408    1.439691
    1.163079    1.400204
    1.167750    1.348104
    1.172421    1.308933
    1.177092    1.269872
    1.181763    1.240206
    1.186434    1.219832
    1.191105    1.194552
    1.195776    1.166980
    1.200447    1.134281
    1.205118    1.103506
    1.209789    1.081347
    1.214460    1.054527
    1.219131    1.028603
    1.223802    1.010441
    1.228473    0.992694
    1.233144    0.974232
    1.237815    0.948061
    1.242486    0.926994
    1.247157    0.900659
    1.251828    0.888100
    1.256499    0.868467
    1.261170    0.850385
    1.265841    0.838485
    1.270512    0.821674
    1.275183    0.802926
    1.279854    0.799045
    1.284525    0.787998
    1.289196    0.765765
    1.293867    0.759004
    1.298538    0.744414
    1.303209    0.732274
    1.307880    0.721779
    1.312551    0.709803
    1.317222    0.696768
    1.321893    0.685618
    1.326564    0.677741
    1.331235    0.668940
    1.335906    0.657111
    1.340577    0.656809
    1.345248    0.652830
    1.349919    0.647122
    1.354590    0.646753
    1.359261    0.642208
    1.363932    0.632003
    1.368603    0.624884
    1.373274    0.621542
    1.377945    0.620266
    1.382616    0.608494
    1.387287    0.612161
    1.391958    0.606013
    1.396629    0.603864
    1.401300    0.595950
    1.405971    0.595739
    1.410642    0.594468
    1.415313    0.589010
    1.419984    0.586947
    1.424655    0.584266
    1.429326    0.584268
    1.433997    0.585384
    1.438668    0.586636
    1.443339    0.581157
    1.448010    0.584732
    1.452681    0.587604
    1.457352    0.587980
    1.462023    0.588923
    1.466694    0.586726
    1.471365    0.592308
    1.476036    0.594806
    1.480707    0.599502
    1.485378    0.599531
    1.490049    0.597911
    1.494720    0.605480
    1.499391    0.606926
    1.504062    0.611545
    1.508733    0.617115
    1.513404    0.622159
    1.518075    0.627303
    1.522746    0.621515
    1.527417    0.631377
    1.532088    0.632307
    1.536759    0.637992
    1.541430    0.643767
    1.546101    0.651750
    1.550772    0.652533
    1.555443    0.662437
    1.560114    0.668037
    1.564785    0.677139
    1.569456    0.679955
    1.574127    0.686438
    1.578798    0.694893
    1.583469    0.706979
    1.588140    0.712991
    1.592811    0.721064
    1.597482    0.730277
    1.602153    0.746900
    1.606824    0.748954
    1.611495    0.757565
    1.616166    0.764940
    1.620837    0.771249
    1.625508    0.781290
    1.630179    0.790097
    1.634850    0.795529
    1.639521    0.806220
    1.644192    0.821262
    1.648863    0.831527
    1.653534    0.840896
    1.658205    0.853512
    1.662876    0.862002
    1.667547    0.872197
    1.672218    0.885774
    1.676889    0.894991
    1.681560    0.908593
    1.686231    0.923085
    1.690902    0.929756
    1.695573    0.941797
    1.700244    0.948718
    1.704915    0.958259
    1.709586    0.971152
    1.714257    0.983130
    1.718928    0.994106
    1.723599    1.004291
    1.728270    1.017162
    1.732941    1.025352
    1.737612    1.027034
    1.742283    1.036986
    1.746954    1.048440
    1.751625    1.059669
    1.756296    1.067434
    1.760967    1.075710
    1.765638    1.087912
    1.770309    1.100273
    1.774980    1.110235
    1.779651    1.112961
    1.784322    1.119897
    1.788993    1.132666
    1.793664    1.132858
    1.798335    1.139477
    1.803006    1.147638
    1.807677    1.157752
    1.812348    1.166695
    1.817019    1.178379
    1.821690    1.188704
    1.826361    1.194554
    1.831032    1.197742
    1.835703    1.203859
    1.840374    1.209673
    1.845045    1.218245
    1.849716    1.217637
    1.854387    1.223044
    1.859058    1.235546
    1.863729    1.238728
    1.868400    1.235929
    1.873071    1.245757
    1.877742    1.244210
    1.882413    1.247395
    1.887084    1.256186
    1.891755    1.259777
    1.896426    1.260448
    1.901097    1.267454
    1.905768    1.270321
    1.910439    1.263805
    1.915110    1.268432
    1.919781    1.267919
    1.924452    1.270232
    1.929123    1.275006
    1.933794    1.278084
    1.938465    1.275990
    1.943136    1.276502
    1.947807    1.275976
    1.952478    1.264512
    1.957149    1.267523
    1.961820    1.267446
    1.966491    1.262309
    1.971162    1.258578
    1.975833    1.256273
    1.980504    1.252537
    1.985175    1.254844
    1.989846    1.248653
    1.994517    1.242044
    1.999188    1.245978
    2.003859    1.235815
    2.008530    1.230818
    2.013201    1.218016
    2.017872    1.209782
    2.022543    1.205324
    2.027214    1.194724
    2.031885    1.193584
    2.036556    1.189182
    2.041227    1.177787
    2.045898    1.164376
    2.050569    1.159719
    2.055240    1.151951
    2.059911    1.146278
    2.064582    1.134074
    2.069253    1.124425
    2.073924    1.119260
    2.078595    1.109282
    2.083266    1.103451
    2.087937    1.099696
    2.092608    1.089193
    2.097279    1.082739
    2.101950    1.075399
    2.106621    1.067417
    2.111292    1.062694
    2.115963    1.052623
    2.120634    1.043558
    2.125305    1.034072
    2.129976    1.025953
    2.134647    1.023625
    2.139318    1.014512
    2.143989    1.006986
    2.148660    0.998820
    2.153331    0.986721
    2.158002    0.984295
    2.162673    0.976840
    2.167344    0.969822
    2.172015    0.959999
    2.176686    0.950830
    2.181357    0.943488
    2.186028    0.941324
    2.190699    0.935349
    2.195370    0.929370
    2.200041    0.921521
    2.204712    0.917929
    2.209383    0.913395
    2.214054    0.906269
    2.218725    0.900777
    2.223396    0.899438
    2.228067    0.895440
    2.232738    0.892251
    2.237409    0.885656
    2.242080    0.884612
    2.246751    0.880630
    2.251422    0.875208
    2.256093    0.875285
    2.260764    0.874108
    2.265435    0.871743
    2.270106    0.864692
    2.274777    0.861051
    2.279448    0.853922
    2.284119    0.850592
    2.288790    0.847860
    2.293461    0.845466
    2.298132    0.844562
    2.302803    0.840719
    2.307474    0.840668
    2.312145    0.839697
    2.316816    0.835501
    2.321487    0.836162
    2.326158    0.834785
    2.330829    0.832277
    2.335500    0.837400
    2.340171    0.835906
    2.344842    0.835697
    2.349513    0.835879
    2.354184    0.837542
    2.358855    0.836962
    2.363526    0.839403
    2.368197    0.841929
    2.372868    0.839863
    2.377539    0.841811
    2.382210    0.840967
    2.386881    0.845638
    2.391552    0.841682
    2.396223    0.846484
    2.400894    0.849712
    2.405565    0.848143
    2.410236    0.851764
    2.414907    0.856061
    2.419578    0.859611
    2.424249    0.859468
    2.428920    0.863996
    2.433591    0.867558
    2.438262    0.865761
    2.442933    0.869747
    2.447604    0.875474
    2.452275    0.879786
    2.456946    0.883418
    2.461617    0.886225
    2.466288    0.891100
    2.470959    0.889135
    2.475630    0.891188
    2.480301    0.894470
    2.484972    0.899807
    2.489643    0.907765
    2.494314    0.910164
    2.498985    0.912088
    2.503656    0.919490
    2.508327    0.923588
    2.512998    0.925268
    2.517669    0.929856
    2.522340    0.931513
    2.527011    0.933020
    2.531682    0.935820
    2.536353    0.943679
    2.541024    0.949986
    2.545695    0.955604
    2.550366    0.961764
    2.555037    0.968057
    2.559708    0.970204
    2.564379    0.974911
    2.569050    0.982308
    2.573721    0.987925
    2.578392    0.992535
    2.583063    0.994359
    2.587734    1.000898
    2.592405    1.001978
    2.597076    1.009708
    2.601747    1.016670
    2.606418    1.019543
    2.611089    1.020209
    2.615760    1.024420
    2.620431    1.028241
    2.625102    1.033890
    2.629773    1.036469
    2.634444    1.038294
    2.639115    1.044124
    2.643786    1.047705
    2.648457    1.052295
    2.653128    1.051606
    2.657799    1.054562
    2.662470    1.055776
    2.667141    1.059871
    2.671812    1.063905
    2.676483    1.066286
    2.681154    1.070571
    2.685825    1.076308
    2.690496    1.073323
    2.695167    1.075752
    2.699838    1.077950
    2.704509    1.080883
    2.709180    1.085387
    2.713851    1.085906
    2.718522    1.089161
    2.723193    1.088912
    2.727864    1.091567
    2.732535    1.091986
    2.737206    1.088630
    2.741877    1.090948
    2.746548    1.089001
    2.751219    1.086071
    2.755890    1.094139
    2.760561    1.091734
    2.765232    1.090085
    2.769903    1.089504
    2.774574    1.094600
    2.779245    1.094544
    2.783916    1.098249
    2.788587    1.092276
    2.793258    1.094063
    2.797929    1.095123
    2.802600    1.099419
    2.807271    1.099597
    2.811942    1.096770
    2.816613    1.096945
    2.821284    1.096224
    2.825955    1.092052
    2.830626    1.091312
    2.835297    1.094738
    2.839968    1.094383
    2.844639    1.090582
    2.849310    1.085388
    2.853981    1.084085
    2.858652    1.082892
    2.863323    1.079782
    2.867994    1.079070
    2.872665    1.076843
    2.877336    1.077346
    2.882007    1.069032
    2.886678    1.071241
    2.891349    1.071637
    2.896020    1.069004
    2.900691    1.065112
    2.905362    1.064064
    2.910033    1.062495
    2.914704    1.058216
    2.919375    1.059584
    2.924046    1.053149
    2.928717    1.057150
    2.933388    1.052735
    2.938059    1.048811
    2.942730    1.045095
    2.947401    1.045849
    2.952072    1.044284
    2.956743    1.042338
    2.961414    1.037431
    2.966085    1.035953
    2.970756    1.030088
    2.975427    1.029240
    2.980098    1.027310
    2.984769    1.024258
    2.989440    1.022907
    2.994111    1.021339
    2.998782    1.019388
    3.003453    1.015955
    3.008124    1.013975
    3.012795    1.011313
    3.017466    1.008721
    3.022137    1.007277
    3.026808    0.998935
    3.031479    0.995213
    3.036150    0.996802
    3.040821    0.991474
    3.045492    0.990862
    3.050163    0.987895
    3.054834    0.987827
    3.059505    0.982550
    3.064176    0.979475
    3.068847    0.979625
    3.073518    0.977713
    3.078189    0.976559
    3.082860    0.970232
    3.087531    0.969564
    3.092202    0.966144
    3.096873    0.963552
    3.101544    0.961786
    3.106215    0.959162
    3.110886    0.957856
    3.115557    0.955460
    3.120228    0.955254
    3.124899    0.957310
    3.129570    0.954588
    3.134241    0.950006
    3.138912    0.947142
    3.143583    0.945937
    3.148254    0.945084
    3.152925    0.948845
    3.157596    0.943292
    3.162267    0.940130
    3.166938    0.939648
    3.171609    0.939756
    3.176280    0.938763
    3.180951    0.937968
    3.185622    0.939671
    3.190293    0.936120
    3.194964    0.934258
    3.199635    0.935838
    3.204306    0.936452
    3.208977    0.936110
    3.213648    0.937050
    3.218319    0.936610
    3.222990    0.936389
    3.227661    0.933826
    3.232332    0.935046
    3.237003    0.937150
    3.241674    0.934257
    3.246345    0.932428
    3.251016    0.933727
    3.255687    0.931621
    3.260358    0.934497
    3.265029    0.937376
    3.269700    0.936025
    3.274371    0.937422
    3.279042    0.938297
    3.283713    0.941559
    3.288384    0.942366
    3.293055    0.944699
    3.297726    0.942855
    3.302397    0.939955
    3.307068    0.941775
    3.311739    0.946057
    3.316410    0.945067
    3.321081    0.947059
    3.325752    0.947253
    3.330423    0.948135
    3.335094    0.946208
    3.339765    0.951453
    3.344436    0.954662
    3.349107    0.959070
    3.353778    0.959919
    3.358449    0.960772
    3.363120    0.963076
    3.367791    0.963845
    3.372462    0.965221
    3.377133    0.966442
    3.381804    0.970103
    3.386475    0.971281
    3.391146    0.972716
    3.395817    0.974475
    3.400488    0.974832
    3.405159    0.976023
    3.409830    0.976476
    3.414501    0.978497
    3.419172    0.981047
    3.423843    0.982789
    3.428514    0.983638
    3.433185    0.985525
    3.437856    0.986492
    3.442527    0.986876
    3.447198    0.988601
    3.451869    0.990781
    3.456540    0.992785
    3.461211    0.996519
    3.465882    0.999697
    3.470553    1.001195
    3.475224    1.001589
    3.479895    1.003249
    3.484566    1.006006
    3.489237    1.004450
    3.493908    1.007078
    3.498579    1.012417
    3.503250    1.013980
    3.507921    1.014652
    3.512592    1.015674
    3.517263    1.020871
    3.521934    1.019233
    3.526605    1.023731
    3.531276    1.023073
    3.535947    1.023758
    3.540618    1.022649
    3.545289    1.023359
    3.549960    1.023505
    3.554631    1.023238
    3.559302    1.024691
    3.563973    1.025922
    3.568644    1.026101
    3.573315    1.026883
    3.577986    1.026530
    3.582657    1.026677
    3.587328    1.031628
    3.591999    1.030772
    3.596670    1.033205
    3.601341    1.033651
    3.606012    1.036652
    3.610683    1.038571
    3.615354    1.036692
    3.620025    1.035826
    3.624696    1.038601
    3.629367    1.037875
    3.634038    1.038528
    3.638709    1.038430
    3.643380    1.040990
    3.648051    1.039159
    3.652722    1.040505
    3.657393    1.040108
    3.662064    1.039516
    3.666735    1.040175
    3.671406    1.040447
    3.676077    1.038835
    3.680748    1.038121
    3.685419    1.038412
    3.690090    1.039394
    3.694761    1.038875
    3.699432    1.038902
    3.704103    1.036990
    3.708774    1.038457
    3.713445    1.038500
    3.718116    1.036673
    3.722787    1.039284
    3.727458    1.036676
    3.732129    1.034927
    3.736800    1.032415
    3.741471    1.033392
    3.746142    1.032506
    3.750813    1.030571
    3.755484    1.030821
    3.760155    1.031838
    3.764826    1.028352
    3.769497    1.029079
    3.774168    1.027250
    3.778839    1.027315
    3.783510    1.025090
    3.788181    1.028217
    3.792852    1.025752
    3.797523    1.024532
    3.802194    1.022356
    3.806865    1.022514
    3.811536    1.018833
    3.816207    1.022801
    3.820878    1.022337
    3.825549    1.019560
    3.830220    1.013866
    3.834891    1.013052
    3.839562    1.012252
    3.844233    1.010020
    3.848904    1.013130
    3.853575    1.013462
    3.858246    1.013727
    3.862917    1.012209
    3.867588    1.008270
    3.872259    1.007388
    3.876930    1.007036
    3.881601    1.005831
    3.886272    1.005028
    3.890943    1.007917
    3.895614    1.004754
    3.900285    1.004073
    3.904956    0.999490
    3.909627    1.000219
    3.914298    1.000352
    3.918969    0.997384
    3.923640    0.994758
    3.928311    0.994732
    3.932982    0.993027
    3.937653    0.990339
    3.942324    0.987503
    3.946995    0.986242
    3.951666    0.986952
    3.956337    0.986088
    3.961008    0.986898
    3.965679    0.985722
    3.970350    0.981029
    3.975021    0.980886
    3.979692    0.980384
    3.984363    0.984047
    3.989034    0.985805
    3.993705    0.983653
    3.998376    0.982526
    4.003047    0.983386
    4.007718    0.980232
    4.012389    0.977363
    4.017060    0.977557
    4.021731    0.977616
    4.026402    0.978163
    4.031073    0.979137
    4.035744    0.979162
    4.040415    0.972294
    4.045086    0.973673
    4.049757    0.975012
    4.054428    0.976360
    4.059099    0.974649
    4.063770    0.975876
    4.068441    0.974732
    4.073112    0.975468
    4.077783    0.974904
    4.082454    0.974342
    4.087125    0.975740
    4.091796    0.972774
    4.096467    0.974190
    4.101138    0.974319
    4.105809    0.975878
    4.110480    0.975488
    4.115151    0.972997
    4.119822    0.972033
    4.124493    0.971692
    4.129164    0.970657
    4.133835    0.968620
    4.138506    0.971212
    4.143177    0.970194
    4.147848    0.971112
    4.152519    0.969888
    4.157190    0.972520
    4.161861    0.969912
    4.166532    0.969718
    4.171203    0.970862
    4.175874    0.974547
    4.180545    0.976544
    4.185216    0.976136
    4.189887    0.975944
    4.194558    0.974466
    4.199229    0.975534
    4.203900    0.973884
    4.208571    0.976354
    4.213242    0.976601
    4.217913    0.979433
    4.222584    0.980253
    4.227255    0.980693
    4.231926    0.976981
    4.236597    0.977447
    4.241268    0.978136
    4.245939    0.981294
    4.250610    0.980363
    4.255281    0.983593
    4.259952    0.983442
    4.264623    0.981462
    4.269294    0.981374
    4.273965    0.982895
    4.278636    0.984988
    4.283307    0.986244
    4.287978    0.990870
    4.292649    0.988208
    4.297320    0.990006
    4.301991    0.992037
    4.306662    0.993668
    4.311333    0.992899
    4.316004    0.993927
    4.320675    0.995685
    4.325346    0.996647
    4.330017    0.996867
    4.334688    0.997873
    4.339359    0.999958
    4.344030    1.000542
    4.348701    1.002210
    4.353372    1.002793
    4.358043    1.004260
    4.362714    1.002838
    4.367385    1.004740
    4.372056    1.005512
    4.376727    1.003287
    4.381398    1.004905
    4.386069    1.006206
    4.390740    1.007810
    4.395411    1.008222
    4.400082    1.007140
    4.404753    1.006732
    4.409424    1.009514
    4.414095    1.011046
    4.418766    1.010442
    4.423437    1.008093
    4.428108    1.008862
    4.432779    1.010564
    4.437450    1.010343
    4.442121    1.010599
    4.446792    1.012960
    4.451463    1.011685
    4.456134    1.010711
    4.460805    1.011435
    4.465476    1.013613
    4.470147    1.014224
    4.474818    1.015707
    4.479489    1.017575
    4.484160    1.016935
    4.488831    1.015495
    4.493502    1.015116
    4.498173    1.016849
    4.502844    1.015997
    4.507515    1.016121
    4.512186    1.019043
    4.516857    1.018651
    4.521528    1.017619
    4.526199    1.018775
    4.530870    1.018575
    4.535541    1.019084
    4.540212    1.018774
    4.544883    1.017921
    4.549554    1.018773
    4.554225    1.018896
    4.558896    1.018428
    4.563567    1.017243
    4.568238    1.017313
    4.572909    1.015723
    4.577580    1.015503
    4.582251    1.014211
    4.586922    1.013625
    4.591593    1.015384
    4.596264    1.014113
    4.600935    1.012735
    4.605606    1.013606
    4.610277    1.016993
    4.614948    1.014503
    4.619619    1.015430
    4.624290    1.013625
    4.628961    1.012383
    4.633632    1.011948
    4.638303    1.012700
    4.642974    1.011662
    4.647645    1.009459
    4.652316    1.011789
    4.656987    1.013193
    4.661658    1.012173
    4.666329    1.011260
    4.671000    1.011681
